-2.37347069e-01 5.22219205e-02 -7.55332818e-04 9.23654273e-02 -1.54701221e-01 -7.71313805e-02 -1.20444653e-01 -4.16480756e-02 -1.29897024e-01 -3.61019990e-02 -2.89092492e-02 1.44552394e-01 6.04174263e-02 -4.96713604e-02 -6.83827305e-02 6.20880142e-02 -3.63977863e-02 -8.33324496e-02 -1.07506738e-01 1.51291430e-01 2.74735981e-02 -2.45132995e-02 -1.62846086e-01 9.57171394e-02 -6.51916790e-02 2.19864981e-01 1.47471248e-02 -5.70106677e-02 -6.23583213e-02 -1.19078252e-01 -4.23427606e-02 4.91603063e-02
-9.03197382e-03 -6.57251669e-02 1.90338874e-01 6.86779439e-02 -6.51651767e-02 -1.30317495e-01 -1.01152434e-02 8.52415096e-02 -2.40155271e-01 3.27206312e-02 3.39346403e-02 -1.25526073e-01 -5.05101504e-02 -1.44297233e-01 1.08646154e-02 1.11737478e-01 -3.68342181e-02 -1.54138783e-01 -1.28860031e-01 2.43810363e-01 -7.02818734e-02 2.75682534e-01 -4.61270351e-02 -1.06798264e-01 -5.62134945e-02 -8.97073821e-03 -1.07023922e-01 1.09128470e-01 -3.95898667e-02 9.10566545e-02 1.07655760e-01 2.88002695e-02
-2.19288958e-01 6.66904051e-02 -2.13819983e-03 7.82048085e-02 -1.40711393e-01 -1.04542815e-01 -9.22661955e-02 -2.96643763e-02 -1.24611664e-01 -8.06583180e-02 -7.31944986e-02 1.65320857e-01 5.38421701e-02 2.72139321e-02 -9.16927332e-02 3.80151777e-02 1.69777692e-02 -1.02800686e-01 -1.95274183e-02 1.25402134e-01 6.19586992e-02 -1.12236158e-01 -5.58580080e-02 4.80878753e-03 -6.90119875e-02 6.69845551e-02 6.95863250e-02 -7.38469797e-02 -2.67104650e-03 -3.48622628e-02 -4.40434090e-02 4.42383391e-02
2.33809521e-02 -8.49765726e-02 1.69250124e-01 4.93572431e-02 -4.66662836e-02 -1.19185807e-01 1.12476869e-02 7.25324619e-02 -2.01004809e-01 1.07569536e-02 3.06899393e-02 -1.18123927e-01 -6.33823314e-02 -9.47352459e-02 3.39200079e-02 1.44970430e-01 3.41808062e-02 -1.17914256e-01 -1.09739716e-01 1.63896407e-01 -1.85362463e-03 1.58861495e-01 3.56686959e-02 -9.27058137e-02 -3.41136968e-02 -1.30896915e-02 -5.30246829e-02 3.17847924e-02 -1.22221303e-02 4.92030741e-02 1.10237978e-01 1.98646007e-02
-2.07559963e-01 7.65028141e-02 -1.28086715e-02 7.96277997e-02 -1.30079135e-01 -1.33558951e-01 -6.45085290e-02 -1.89962662e-02 -1.31805194e-01 -1.24116036e-01 -1.13335564e-01 1.79610102e-01 3.02726132e-02 5.76399528e-02 -1.25313625e-01 5.83674401e-03 6.72856625e-02 -8.55368588e-02 7.56063481e-02 7.77004639e-02 2.91386219e-02 -1.47279632e-01 -2.12888643e-02 -7.34497332e-02 -1.26362453e-02 -4.01732307e-02 1.41356544e-01 -4.99700971e-02 7.10145490e-03 -1.19988407e-02 -1.74420528e-02 3.69889584e-02
5.21225126e-02 -1.10747685e-01 1.49093740e-01 4.01144131e-02 -3.18174855e-02 -1.03664726e-01 2.33395853e-02 5.79621836e-02 -1.49663603e-01 6.64335497e-03 4.78593286e-02 -1.14050211e-01 -7.67735174e-02 -7.92879763e-02 6.25016480e-02 1.93302460e-01 6.67592107e-02 -6.84775954e-02 -1.12108986e-01 7.68019073e-02 5.26500598e-02 3.39611266e-02 8.77430344e-02 -4.23870016e-02 -3.09893877e-02 -5.27396916e-05 -1.05387226e-03 -1.53711986e-02 2.04363073e-02 1.99397643e-03 9.15199298e-02 5.60665288e-03
-1.95701287e-01 7.56964371e-02 -2.79346187e-02 9.88438394e-02 -1.20405826e-01 -1.59228196e-01 -4.52011177e-02 -6.94692841e-03 -1.12765314e-01 -1.26321178e-01 -1.18834359e-01 1.27858378e-01 -1.33493817e-02 3.76289879e-02 -6.08054051e-02 -4.41346203e-04 8.17463732e-02 4.16257414e-02 1.19915451e-01 2.70063186e-02 -2.83868615e-02 -8.37173037e-02 -1.86304833e-02 -1.10063286e-01 7.79494631e-02 -8.66805535e-02 1.04604158e-01 1.01541510e-01 2.65385423e-02 5.42611972e-02 3.73440597e-02 6.82530282e-02
7.50091199e-02 -1.39069463e-01 1.35541894e-01 2.60433552e-02 -2.01640667e-02 -8.94492948e-02 2.60892770e-02 4.29981879e-02 -1.06668716e-01 1.36113590e-02 6.63595390e-02 -9.41459941e-02 -7.75731012e-02 -4.54361357e-02 6.09534027e-02 2.36459373e-01 6.29435715e-02 -4.31035101e-02 -1.26259730e-01 1.33284660e-02 8.41401289e-02 -5.98742095e-02 1.17812581e-01 7.52233539e-03 -4.39570436e-02 -9.38034615e-04 2.15579227e-02 -7.64398786e-02 2.96188812e-02 -2.56450340e-02 3.48978151e-02 -2.19071914e-02
-1.61865953e-01 6.85583475e-02 -4.64580097e-02 1.04486481e-01 -1.07105706e-01 -1.82499700e-01 -3.66241707e-02 -3.01793737e-03 -7.19905421e-02 -1.06331007e-01 -1.07996851e-01 2.31729613e-02 -6.27189260e-02 2.19996114e-02 8.49417362e-02 2.18821047e-02 8.03881459e-02 1.95273876e-01 1.27427739e-01 -2.65375522e-02 -2.99299463e-03 -8.82624336e-03 3.88007500e-02 -6.70412441e-02 7.85844348e-02 -8.94021164e-02 4.27840150e-02 1.41511956e-01 4.61091075e-02 5.43774947e-02 1.42613854e-01 5.50755468e-02
8.27654178e-02 -1.67876436e-01 1.26033415e-01 8.11579498e-03 -1.76603846e-02 -7.20978486e-02 2.42977131e-02 3.12236336e-02 -7.18753352e-02 7.80941525e-03 7.74311768e-02 -2.64517488e-02 -6.49444216e-02 -1.65474919e-02 1.27261455e-02 2.39614544e-01 5.89522736e-02 -5.02332701e-02 -1.06506979e-01 -3.93625126e-02 1.01048837e-01 -1.27060846e-01 1.14991769e-01 4.89668944e-02 -1.73759771e-02 1.23422085e-02 6.88087540e-02 -8.33712877e-02 2.85910749e-02 -6.16346583e-02 -6.77334407e-02 -1.88770790e-03
-1.10248997e-01 6.00530123e-02 -5.59314916e-02 8.66201607e-02 -8.05176640e-02 -2.02182539e-01 -2.15093661e-02 -1.01704978e-02 -2.66450736e-02 -6.45597844e-02 -9.47362685e-02 -8.46700860e-02 -9.51437429e-02 2.06708682e-02 2.11490526e-01 4.25931779e-02 3.03495694e-02 2.61869728e-01 1.09820700e-01 -8.80093446e-02 -1.16116490e-02 5.17307800e-02 9.21553144e-02 -1.39936422e-02 1.11917582e-02 -3.83935914e-02 7.71478070e-03 8.89444333e-02 1.35600347e-02 -5.34428501e-02 1.72176832e-01 1.44376617e-02
7.43294132e-02 -2.00192564e-01 1.07693638e-01 -3.85681996e-03 -3.01362719e-02 -5.33040122e-02 8.91416546e-03 2.34806217e-02 -3.19861408e-02 -4.04420549e-03 8.61662568e-02 7.45272072e-02 -3.88371288e-02 2.23476535e-02 -5.32202681e-02 2.34361827e-01 6.66319512e-02 -3.55413722e-02 -4.41876354e-02 -1.07442034e-01 5.82368008e-02 -1.49773328e-01 6.49108788e-02 4.34940433e-02 6.31382331e-02 1.66959851e-02 1.01798093e-01 -5.43053969e-02 3.74150499e-02 -4.90853889e-02 -1.94932226e-01 -2.61842308e-02
-5.04752081e-02 5.10747907e-02 -4.11106085e-02 5.86742352e-02 -4.15234756e-02 -2.13009077e-01 1.00166315e-02 -2.16097164e-02 -9.39191472e-04 -3.54759034e-02 -7.36402385e-02 -1.32836569e-01 -9.89533469e-02 1.81908162e-02 2.22154782e-01 4.38135675e-02 -1.55951982e-02 1.93252297e-01 8.81935516e-02 -1.34448010e-01 1.51148369e-03 6.97869916e-02 1.50144419e-01 8.94060841e-04 -3.48842438e-02 3.03808905e-03 -1.46396732e-02 9.46376068e-03 -1.46459503e-02 -1.51181804e-01 7.98763321e-02 3.30935184e-02
5.32471862e-02 -2.32770196e-01 7.33702144e-02 -1.52294525e-02 -5.57854275e-02 -3.61776655e-02 -2.49077541e-02 1.86056268e-02 1.52211077e-02 -1.74729757e-02 8.17060013e-02 1.53104987e-01 -3.20895318e-02 7.82381675e-02 -6.69932483e-02 1.95552748e-01 4.79529264e-02 5.82242538e-02 -6.45203574e-03 -1.14512199e-01 -3.58033265e-02 -1.12001988e-01 -2.39824008e-02 1.88105142e-02 9.59750795e-02 1.12678293e-02 1.12182189e-01 1.60748915e-02 5.13475122e-03 8.52866529e-03 -1.39953147e-01 -7.29029878e-02
7.47366286e-03 3.26328382e-02 -2.01504765e-02 3.08491672e-02 -1.32952455e-02 -2.20837089e-01 2.77384768e-02 -3.24329261e-02 2.19756857e-04 -1.68396740e-02 -4.58640661e-02 -9.14431738e-02 -6.20284062e-02 1.83576787e-02 1.16098477e-01 6.50950203e-02 -3.04915408e-02 9.05959038e-02 7.99832376e-02 -2.10028423e-01 -4.14131274e-03 7.52919781e-02 1.63066595e-01 -2.74791883e-03 -3.07070952e-02 6.13580440e-03 4.88420790e-02 -7.03954796e-02 -7.82818668e-02 -1.60271460e-01 -6.58269235e-02 4.23200906e-02
2.27024334e-02 -2.57849412e-01 3.24543168e-02 -3.55271308e-02 -7.83726477e-02 -2.26346443e-02 -6.00620826e-02 1.23753352e-02 6.79980954e-02 -1.49194840e-02 5.37286774e-02 1.70356954e-01 -6.68381429e-02 1.59801602e-01 -3.13505767e-02 1.04444822e-01 -2.21256450e-02 1.52694064e-01 1.26250456e-02 -4.33214284e-02 -1.44145630e-01 -1.20409492e-02 -1.27087820e-01 -1.99731979e-02 3.97043159e-02 5.27933926e-02 6.90346761e-02 -2.61055702e-02 1.13855963e-02 9.29492045e-03 5.73609217e-02 -1.27324234e-01
2.84519477e-02 3.25437524e-03 6.40585810e-04 -2.15377785e-03 -8.33371233e-04 -2.24065835e-01 3.03571509e-02 -3.82247285e-02 1.14265359e-02 9.43017413e-03 -2.61611224e-02 6.71386949e-04 3.41430570e-03 5.93980257e-03 9.75073208e-03 5.63110452e-02 -1.79290569e-02 2.53925268e-02 7.05003631e-02 -2.36703018e-01 -3.97968387e-02 1.32236738e-01 1.08119854e-01 4.25678074e-03 -1.02168407e-02 3.27410379e-02 4.25512959e-02 -2.52225322e-02 -1.35643021e-01 -1.70505172e-02 -9.41838346e-02 -2.02402497e-02
-9.94176534e-04 -2.66413257e-01 2.29526399e-02 -4.52878725e-02 -8.61024785e-02 -8.51026767e-03 -7.71540365e-02 -9.98542500e-04 9.80980791e-02 1.19485142e-04 8.17528296e-03 1.63109278e-01 -8.94928511e-02 1.98089047e-01 -3.08393195e-02 4.77599220e-02 -3.15900373e-02 1.73305936e-01 -5.85939125e-04 4.52409858e-02 -1.42890176e-01 4.50963300e-02 -6.42057656e-02 -4.63766832e-02 7.48372676e-02 9.00038802e-02 -4.40065578e-02 -6.68850532e-02 -1.03621080e-03 -7.57017139e-03 1.19657389e-01 -1.01854994e-01
6.99933231e-03 -2.55923343e-02 2.17136138e-02 -3.35281511e-02 9.32483244e-03 -2.21694178e-01 3.28835771e-02 -4.12567164e-02 2.37442135e-02 4.52316451e-02 -1.61045664e-02 9.19146174e-02 7.05971718e-02 -8.22968770e-03 -1.01898869e-01 3.39254052e-02 -2.89373633e-03 -3.79711113e-02 6.90471118e-02 -2.20868751e-01 -6.49866702e-02 1.81142215e-01 7.33254668e-02 5.63721419e-03 -1.82102056e-02 4.15332129e-02 -4.01457371e-02 2.35527366e-02 -1.90239282e-01 1.57367758e-01 -7.17259544e-02 -5.10187232e-02
-2.47338743e-02 -2.57840459e-01 3.29550480e-02 -3.50896903e-02 -8.22428396e-02 7.52134027e-03 -6.62731763e-02 -1.41844629e-02 8.18945100e-02 3.74634367e-02 -3.18899500e-02 1.62022228e-01 -7.05656315e-02 1.68728672e-01 -3.35559744e-02 -1.34614286e-02 -1.66643170e-02 1.64880848e-01 -2.49696771e-02 1.10508389e-01 -1.22457019e-01 8.21997701e-02 -2.56937508e-03 1.74411991e-03 1.00667796e-02 2.21778963e-02 -1.03001270e-01 2.54483654e-02 -5.07247748e-02 1.93747519e-02 1.22568317e-01 -6.55590883e-02
-5.05119313e-02 -4.39513066e-02 4.31121211e-02 -5.92676666e-02 3.46794079e-02 -2.10415662e-01 4.85560916e-02 -3.99745442e-02 2.90898228e-02 8.46714382e-02 -1.02941346e-02 1.26887710e-01 1.00254688e-01 -1.65716362e-02 -2.10474731e-01 -1.84839497e-02 -7.23951551e-03 -1.31870047e-01 5.78555286e-02 -1.86375835e-01 -5.59471504e-02 1.78452987e-01 7.60321121e-02 1.47829839e-02 -3.00493407e-02 2.39928598e-02 -3.96803798e-02 2.41830244e-02 -1.18847087e-01 1.66357754e-01 -4.56962040e-02 5.75940898e-02
-5.48622187e-02 -2.33201193e-01 7.52312195e-02 -1.36151690e-02 -6.05638745e-02 2.85209401e-02 -3.72260018e-02 -2.31587102e-02 3.71370018e-02 6.96324342e-02 -5.86942293e-02 1.36508896e-01 -4.15806803e-02 9.24448998e-02 -8.91866427e-02 -1.24622432e-01 5.07930376e-02 1.12100328e-01 -3.06835196e-02 1.07560217e-01 1.74234416e-03 5.18296222e-03 1.11279853e-01 4.90796011e-02 5.12181723e-02 -3.22548472e-02 -1.24464044e-01 9.51683035e-02 -4.55054424e-02 3.51271225e-02 7.10385909e-02 1.34219900e-01
-1.10756006e-01 -5.40196885e-02 5.95682281e-02 -8.53808978e-02 7.16974761e-02 -1.88859513e-01 7.43339192e-02 -3.66772179e-02 5.10296149e-02 1.14501481e-01 2.41177589e-02 8.23806107e-02 9.12698455e-02 -1.46717886e-02 -2.25590435e-01 -5.06249841e-02 -4.20272740e-02 -2.06972639e-01 7.39978517e-02 -1.34868042e-01 -1.31981941e-02 9.82059888e-02 4.70274757e-02 4.32079632e-02 -6.27944919e-02 6.07783851e-02 8.51861770e-04 -4.56628149e-02 1.26850727e-03 5.02994887e-02 4.53505677e-02 1.48262509e-01
-7.64113444e-02 -2.00517742e-01 1.10256004e-01 -2.72152721e-03 -3.63192504e-02 5.22483873e-02 -9.48584294e-03 -2.74378945e-02 -1.46057708e-02 8.24769523e-02 -5.44949830e-02 5.81135579e-02 -5.25318373e-02 3.35160260e-02 -9.28529616e-02 -1.96371390e-01 6.74771403e-02 5.88544960e-02 7.17905797e-03 5.74785470e-02 9.87510593e-02 -7.35014589e-02 1.47598492e-01 8.94379668e-02 1.89861280e-02 -3.90659275e-03 -9.29732071e-02 2.11749785e-02 4.60471210e-03 -7.43054518e-02 5.63461810e-02 1.87646827e-01
-1.63625097e-01 -6.24146839e-02 5.06865796e-02 -1.03029208e-01 9.65724459e-02 -1.60799197e-01 8.26633347e-02 -3.07084032e-02 8.68124623e-02 1.33037784e-01 8.07962851e-02 -1.92289326e-02 5.71892297e-02 -1.60826012e-02 -1.16277856e-01 -5.03818559e-02 -6.61335432e-02 -1.66605626e-01 1.25676644e-01 -5.32031545e-02 2.91597766e-02 2.94330991e-02 -3.03528632e-02 8.24967607e-02 -9.82051990e-02 1.03571305e-01 1.80986870e-02 -8.66823836e-02 1.23075648e-01 -7.86378565e-02 1.52206829e-01 1.26697758e-01
-8.52159541e-02 -1.68589738e-01 1.28499891e-01 1.01648295e-02 -2.48363167e-02 7.41474663e-02 2.46226562e-04 -3.26772107e-02 -5.60768470e-02 8.16121515e-02 -4.03183755e-02 -3.86565912e-02 -8.33356187e-02 -1.18896590e-02 -4.15388143e-02 -2.04160945e-01 5.51805745e-02 6.78259977e-02 5.98735072e-02 -6.05970745e-03 1.37740570e-01 -1.32085843e-01 1.17407024e-01 7.70583380e-02 -5.08036200e-02 1.70942593e-02 -5.07122295e-02 -6.86921944e-02 1.69232024e-02 -7.58171189e-02 1.11319567e-01 8.14580896e-02
-1.99066500e-01 -7.00049669e-02 3.23433222e-02 -9.64886817e-02 1.07694165e-01 -1.30233165e-01 8.26928518e-02 -3.17099423e-02 1.24324886e-01 1.41796593e-01 1.15130166e-01 -1.18775044e-01 5.75768224e-03 -2.72743517e-02 2.29527381e-02 -1.72260261e-02 -4.32278956e-02 -2.62110036e-02 1.51339118e-01 2.96433573e-02 8.38911622e-02 -2.01277384e-02 -1.15216111e-01 1.00645411e-01 -7.46439658e-02 1.14073466e-01 3.84249829e-02 -8.13474027e-02 1.21673841e-01 -5.84552610e-02 1.25920505e-01 6.18018744e-02
-7.69981987e-02 -1.39830469e-01 1.38008622e-01 2.76406568e-02 -2.76895802e-02 8.83503270e-02 -2.93970388e-03 -3.86913599e-02 -9.39314089e-02 7.38770266e-02 -3.72868235e-02 -1.00953581e-01 -1.02086920e-01 -4.00808161e-02 1.13778266e-02 -2.06161787e-01 6.39012009e-02 8.46912802e-02 8.12242615e-02 -5.44441590e-02 1.21679768e-01 -1.25046283e-01 6.14862301e-02 2.58507564e-02 -5.09565117e-02 3.20690740e-02 9.77098588e-03 -9.50326769e-02 -9.62318058e-03 -2.92368997e-02 6.69287671e-02 -2.20613748e-02
-2.12171078e-01 -7.09861140e-02 1.71983346e-02 -7.61758947e-02 1.16550094e-01 -9.74951454e-02 9.31591970e-02 -3.96879558e-02 1.40179345e-01 1.29050238e-01 1.29898192e-01 -1.71253568e-01 -4.51673395e-02 -4.09135482e-02 9.67512383e-02 3.33411216e-02 -2.40220721e-02 6.69765027e-02 1.17317545e-01 1.07078921e-01 3.37398034e-02 -1.01533718e-02 -1.69522979e-01 5.65188414e-02 2.45865779e-02 5.61687707e-02 4.77986682e-02 4.49970551e-02 1.36317462e-02 3.01824348e-02 -1.83107786e-02 -2.30938353e-03
-5.33349714e-02 -1.11462143e-01 1.50894775e-01 4.23507001e-02 -3.75109942e-02 9.61709250e-02 -1.04340045e-02 -4.92668953e-02 -1.37580972e-01 6.01595679e-02 -4.72037226e-02 -1.19445275e-01 -1.02065573e-01 -6.95994175e-02 1.67137847e-02 -1.95684653e-01 5.96499625e-02 5.99783958e-02 8.39364058e-02 -1.03876930e-01 6.54635707e-02 -6.77739966e-02 -2.61959260e-02 -6.05985415e-02 -3.38296675e-02 1.02786291e-02 2.20313867e-02 -4.76186849e-02 -5.84248893e-02 9.83900761e-03 -3.55443781e-02 -8.31492891e-02
-2.23708190e-01 -6.09787108e-02 7.02654839e-03 -7.42904094e-02 1.26928423e-01 -6.35132814e-02 1.10545410e-01 -4.95506462e-02 1.31202293e-01 7.66455107e-02 1.07492930e-01 -1.57242382e-01 -7.05941029e-02 -1.34198873e-02 7.68581318e-02 5.95970927e-02 1.31533139e-02 4.35138793e-02 1.07872116e-02 1.36294378e-01 -9.05421499e-04 -2.82005393e-02 -1.41309220e-01 -5.09516434e-03 1.04128721e-01 -6.13967657e-02 9.32427664e-02 7.20546630e-02 -9.23238658e-02 5.16629192e-02 -3.93478223e-02 -2.01376512e-02
-2.33383934e-02 -8.66447425e-02 1.68773741e-01 4.99452138e-02 -5.14861497e-02 1.01442085e-01 -2.70706729e-02 -6.07769630e-02 -1.88796692e-01 5.49304145e-02 -5.26513584e-02 -1.16543348e-01 -9.03596279e-02 -9.21335173e-02 -8.97556876e-03 -1.93519021e-01 1.78641502e-02 1.60952893e-02 1.00447503e-01 -1.62555540e-01 -4.00364199e-02 4.82347209e-03 -1.26521863e-01 -1.31653644e-01 -1.43916464e-02 3.63620316e-03 9.39395697e-02 -3.31970256e-02 -3.39543381e-02 5.32454600e-02 -1.06222560e-01 -6.50108097e-02
-2.40843193e-01 -4.76634387e-02 5.52813746e-03 -8.83063010e-02 1.40348062e-01 -2.86389990e-02 1.29057047e-01 -5.91077366e-02 1.31822668e-01 1.77269162e-02 9.05323296e-02 -1.36834757e-01 -8.32730418e-02 5.15634175e-02 6.53836511e-02 7.68753673e-02 3.62605082e-02 -1.38609353e-03 -1.03691528e-01 1.16993584e-01 4.59108238e-03 -1.02872520e-01 -6.84599406e-02 -7.52462927e-02 1.38162175e-01 -1.78000751e-01 2.24760117e-01 2.89965676e-02 -2.45793563e-01 9.05461223e-02 -4.25912423e-02 5.13874784e-02
1.00873920e-02 -6.79228420e-02 1.89577064e-01 6.80631157e-02 -6.93051645e-02 1.02186693e-01 -4.85272530e-02 -7.32611137e-02 -2.25416751e-01 7.35329291e-02 -4.45844326e-02 -1.18715045e-01 -7.63817679e-02 -1.43982954e-01 -2.87382226e-02 -1.95439095e-01 -3.89992558e-02 -7.40864365e-03 1.49753969e-01 -2.05482476e-01 -1.24884497e-01 9.05136227e-02 -2.38565927e-01 -1.76848238e-01 -2.71191030e-02 1.05091595e-03 9.97203543e-02 3.89551473e-02 -1.40123183e-02 1.03872525e-01 -1.63717143e-01 -6.99719723e-02
-5.87737805e-02 1.30867058e-02 1.10415312e-02 1.15328571e-01 -1.05514283e-01 1.38536966e-02 -8.48519394e-02 -1.08265221e-01 7.39047066e-02 8.95971179e-02 1.49132026e-01 1.23035079e-02 -1.40119255e-02 1.56463024e-02 -2.23387112e-02 -3.88606261e-02 -1.93581335e-02 -5.89765633e-02 -4.81131242e-02 8.08166223e-03 5.29815676e-02 9.83918571e-02 7.01859964e-02 3.05933574e-03 1.39065880e-01 -1.83486870e-01 -1.73873188e-01 6.65128053e-02 8.74574027e-02 1.12592279e-01 1.76000321e-02 1.22773630e-01
1.59245058e-02 1.14204639e-02 6.31413875e-02 -9.87391637e-02 -1.18029300e-01 -3.48956820e-02 7.33098304e-02 8.00829466e-02 -6.89871148e-02 -1.09548126e-01 1.14431465e-01 6.34544649e-02 8.68636395e-02 1.33151949e-01 2.03752477e-01 -1.57517966e-01 1.07912165e-01 -9.44741145e-02 3.69120286e-02 2.22114705e-02 4.50750914e-02 7.81037240e-03 4.42307090e-02 1.66055136e-01 -7.50132877e-02 -9.30844929e-04 2.11132327e-01 -2.30550515e-01 -2.71079406e-02 5.19645573e-02 -2.77682461e-02 1.98530740e-02
-1.81230880e-02 1.64769378e-02 -8.56760402e-03 9.37812018e-02 -9.51914397e-02 3.44220464e-02 -5.99650890e-02 -1.31370654e-01 9.34780389e-02 9.34066129e-02 1.52534636e-01 2.73010291e-04 -2.30735143e-02 -7.98250580e-02 -7.78958395e-02 2.99741657e-03 2.44527528e-02 -1.73855010e-02 -1.82388192e-02 -2.67175709e-02 -4.47879281e-02 8.98668835e-02 1.11397898e-01 -7.70422059e-02 1.80173447e-01 -1.99622108e-01 -1.74563360e-01 -1.84078290e-02 3.43059198e-02 -6.86268030e-03 6.13560322e-02 7.61055904e-02
9.45476481e-03 2.58576341e-02 2.50453118e-02 -9.37366580e-02 -1.44330951e-01 -1.68960944e-02 8.52661221e-02 7.03612432e-02 -2.74146848e-02 -7.49175245e-02 1.38909130e-01 2.14183232e-02 -1.91847636e-02 2.80593612e-02 1.00571812e-01 -1.32138357e-01 2.99385454e-02 -4.81566354e-02 9.22685981e-02 4.37918207e-02 -1.23374493e-02 9.75171966e-02 8.69569504e-02 8.53870930e-02 1.15275233e-01 -1.82717917e-01 2.34042121e-02 -2.32453213e-01 7.24655929e-03 -2.40758703e-02 -4.98595254e-02 -3.40499225e-02
1.43674754e-02 1.40374797e-02 -1.09646528e-02 6.92007049e-02 -7.38121409e-02 4.14922478e-02 -3.98033708e-02 -1.43292124e-01 8.90659678e-02 8.01987190e-02 1.35003060e-01 1.86039463e-02 3.15548947e-02 -1.09930632e-01 -3.61989389e-02 1.35357984e-02 1.04058487e-01 1.16724436e-02 -4.83304854e-02 -6.20633250e-02 -8.49190164e-02 3.45922022e-02 1.01245562e-01 -9.44029841e-02 3.62824399e-02 -4.30757318e-02 -5.09366610e-02 -6.26729810e-03 -4.30127944e-02 -1.61747802e-02 7.88651734e-02 8.00204717e-02
-3.05129733e-03 3.72766248e-02 -1.96180578e-02 -1.00477300e-01 -1.65764913e-01 -7.64193805e-03 9.17043247e-02 5.67809636e-02 5.91370021e-03 -4.24878185e-02 1.18655865e-01 1.36361835e-02 -8.33279502e-02 -6.81297683e-02 -2.76881852e-02 -7.23415946e-02 -3.81068848e-02 3.91132267e-02 6.60434903e-02 6.17779106e-02 -2.62983132e-02 1.16575702e-01 1.06855949e-01 5.59884301e-02 8.52185940e-02 -1.57885324e-01 -5.58382015e-02 -2.27834265e-01 1.14565245e-02 -7.72092241e-02 -7.55152865e-02 -4.57016697e-02
4.54690373e-02 8.86258120e-03 -4.31771389e-04 4.81911104e-02 -4.74199636e-02 4.51571211e-02 -1.72347088e-02 -1.48388066e-01 8.36786442e-02 6.01710109e-02 1.27623240e-01 3.74017835e-02 9.96129547e-02 -1.06198693e-01 4.93484561e-02 6.74196454e-03 2.09220781e-01 2.15249975e-02 -4.31641071e-02 -7.27975930e-02 -1.29414746e-01 -4.63596369e-03 7.88717346e-02 -9.47234529e-02 -4.92763036e-02 8.61530871e-02 7.85606721e-02 -3.48413595e-04 -8.63429215e-02 -3.97271450e-02 7.85221924e-02 7.85191633e-02
-6.66878894e-03 3.98553813e-02 -4.92260613e-02 -1.04342732e-01 -1.69636331e-01 -5.20973180e-04 9.17703326e-02 3.89263360e-02 2.14765368e-02 -1.08087703e-02 8.98830540e-02 4.25620938e-03 -1.03395309e-01 -1.23100903e-01 -1.19836442e-01 -1.00949505e-02 -8.10030975e-02 1.14419094e-01 1.94148101e-02 5.51935591e-02 -2.91721240e-03 6.21595220e-02 1.06021522e-01 3.46359224e-02 -5.25091410e-02 -2.06290679e-02 -5.48939689e-02 -9.45798354e-02 7.44897288e-03 -8.80204585e-02 -1.82183450e-01 -3.46381337e-02
7.32893416e-02 9.19812038e-03 6.98363138e-03 2.54893686e-02 -2.35474831e-02 4.74243110e-02 1.14777525e-02 -1.46392099e-01 7.70859861e-02 2.93733601e-02 1.22166470e-01 6.02354419e-02 1.42208541e-01 -8.94321948e-02 1.40512036e-01 -2.38670309e-03 2.68306479e-01 4.03681778e-02 -3.08878813e-02 -8.25395550e-02 -1.80630682e-01 -4.14065288e-02 4.13054666e-02 -7.28766324e-02 -1.90917160e-01 1.82869153e-01 1.92610214e-01 8.36349966e-03 -7.29109715e-02 -3.17250120e-02 8.94310625e-02 4.20665652e-02
-3.03100004e-03 3.04058814e-02 -6.10497891e-02 -1.03833358e-01 -1.64359014e-01 4.49038274e-03 7.31207688e-02 2.02274206e-02 1.36693815e-02 1.87027897e-02 6.00819498e-02 -5.81995761e-03 -9.16623702e-02 -1.35951233e-01 -1.56236270e-01 3.12727888e-02 -8.95248085e-02 1.49672404e-01 -9.74289054e-03 4.53306556e-02 -9.91754224e-03 3.39673132e-03 8.86741710e-02 2.06047150e-02 -1.72548077e-01 9.54785956e-02 6.16854642e-04 6.21718652e-02 -4.26426304e-02 -5.56169197e-02 -2.66327665e-01 -1.13648355e-03
7.12368584e-02 -2.03929637e-03 -6.39967378e-03 -2.27219681e-02 1.67313000e-02 4.18235714e-02 -2.61691470e-02 -1.48564153e-01 -1.06744576e-01 -1.17227177e-01 1.06974884e-02 -5.08028615e-02 -1.76505384e-01 9.35182274e-02 -1.41909715e-01 3.73473853e-02 -2.88052256e-01 -5.05730671e-02 7.13338569e-03 -1.25098228e-01 1.82916523e-01 8.38501381e-02 -2.87487552e-02 1.58519605e-01 2.29174398e-01 1.75856628e-02 7.38105405e-02 1.28412771e-01 -8.82118462e-02 -5.61332531e-02 9.52931157e-02 -3.27218799e-02
5.70742541e-03 3.16445581e-02 -5.94609811e-02 -1.05741200e-01 -1.67769592e-01 2.54567307e-02 7.23723423e-02 -1.77993364e-02 3.15750315e-02 5.85909062e-02 -7.84724344e-03 -6.20730367e-03 -1.02155673e-01 -1.48220268e-01 -1.54453953e-01 8.64439831e-02 -7.67592663e-02 1.52451638e-01 -2.83548605e-03 3.71677851e-02 1.79012677e-02 -1.06943767e-01 -3.19085052e-02 -4.72431882e-02 -2.16385194e-01 7.30878074e-02 -3.59626327e-02 1.28709665e-01 4.09628577e-02 4.58788494e-02 -9.66826037e-02 1.31936381e-01
4.41941559e-02 -3.47825657e-03 6.03538181e-04 -4.57493802e-02 4.00070887e-02 4.45472730e-02 4.39389774e-04 -1.48583584e-01 -1.06239214e-01 -1.32126228e-01 -2.01185456e-02 -2.40282631e-02 -1.24721780e-01 1.06247091e-01 -5.51399481e-02 4.41560845e-02 -2.21117761e-01 -4.09637726e-02 -7.18250069e-03 -1.01920647e-01 1.13431627e-01 8.11987961e-02 -3.01507199e-02 1.54955120e-01 8.34463484e-02 1.02354351e-02 3.02047178e-02 7.05201679e-02 -7.24480548e-02 -6.23660186e-02 7.07514004e-02 3.00111569e-02
9.28846819e-03 4.01152612e-02 -4.88116252e-02 -1.06297695e-01 -1.74099154e-01 3.70338104e-02 8.71647242e-02 -3.51572762e-02 5.27831816e-02 6.46964801e-02 -4.61709844e-02 1.30064728e-03 -1.19461511e-01 -1.37268791e-01 -1.11489254e-01 1.17997521e-01 -8.68801706e-02 1.05368005e-01 -2.90307894e-02 -1.42780928e-02 9.48824851e-03 -7.09709487e-02 -1.03566808e-01 -2.38477138e-02 -1.00361232e-01 7.69271790e-03 2.79990772e-02 -2.34999448e-02 5.07657835e-02 2.14883674e-02 1.96025931e-02 1.03112919e-01
1.39375086e-02 -8.85179481e-03 1.12607296e-02 -6.66874584e-02 6.50655920e-02 4.36166122e-02 2.20327391e-02 -1.42222866e-01 -1.07208337e-01 -1.42975317e-01 -3.52250960e-02 -4.71076095e-03 -5.23633089e-02 1.06980864e-01 2.58332460e-02 4.00013384e-02 -9.77676114e-02 -3.26507022e-02 -2.06245668e-02 -8.26663358e-02 6.54737469e-02 5.05983734e-02 6.62121337e-03 1.17326779e-01 -3.94706351e-02 3.15443808e-02 -6.02402959e-02 4.72930546e-02 -3.76406323e-02 -3.03319107e-02 3.99852118e-02 7.16595815e-02
5.76057996e-03 3.67807593e-02 -2.01619974e-02 -1.02917697e-01 -1.70583479e-01 4.27640457e-02 8.21088850e-02 -4.99413532e-02 5.21049607e-02 7.41774400e-02 -9.18663295e-02 2.66695584e-03 -9.97902476e-02 -8.13703009e-02 -1.79661149e-02 1.11872956e-01 -6.54922397e-02 2.33545575e-02 -3.88451708e-02 -6.45437648e-02 -3.21439200e-02 -2.55895906e-02 -1.37459710e-01 1.03834350e-02 5.76165670e-02 -1.14173365e-01 9.72513416e-02 -1.87963220e-01 1.96752415e-02 3.63463371e-02 1.17478063e-01 5.05361444e-02
-1.80644201e-02 -1.09019853e-02 8.91745006e-03 -9.08943303e-02 8.54582944e-02 3.83822111e-02 4.58010096e-02 -1.29585123e-01 -1.10967916e-01 -1.58063279e-01 -4.19932267e-02 1.47421515e-02 2.36790665e-03 7.49831162e-02 5.82753962e-02 2.96535408e-02 1.01124480e-02 -1.67169521e-03 -1.99893646e-02 -2.88887848e-02 3.12217859e-02 3.17095822e-03 4.77044748e-02 5.15631385e-02 -2.06225899e-01 7.24356222e-02 -1.56646917e-01 4.94229191e-02 4.48929755e-02 -8.64790947e-03 -2.04993466e-02 9.38931982e-02
-6.24301551e-03 2.41445605e-02 2.38993261e-02 -9.53584577e-02 -1.49642345e-01 4.68211014e-02 6.94233585e-02 -6.30086679e-02 3.30753119e-02 7.87515307e-02 -1.37442325e-01 1.01076854e-02 -2.86865101e-02 2.12743589e-02 9.63552233e-02 8.81328562e-02 -8.74038298e-03 -7.48421556e-02 -3.39680964e-02 -8.27493803e-02 -1.47166421e-02 -1.22800031e-02 -8.92138641e-02 4.08277283e-02 7.17684439e-02 -2.05694992e-01 5.28667667e-02 -2.12359639e-01 -1.11392387e-03 6.83470048e-02 7.15187083e-02 6.79450881e-02
-5.85938327e-02 -5.84301661e-03 -9.47737990e-03 -1.12836293e-01 9.43823909e-02 2.54514310e-02 7.59674386e-02 -1.08569582e-01 -9.03778529e-02 -1.53421474e-01 -2.96987744e-02 3.48373938e-03 -1.29950746e-02 -1.93559073e-02 1.05045917e-02 1.48421146e-02 5.84452885e-02 5.15723351e-02 -6.17031167e-02 2.45754552e-02 -6.39316828e-02 -2.32293158e-02 6.30770732e-02 -3.41420716e-02 -1.77519780e-01 5.69629888e-02 -6.65345946e-02 -1.89873572e-02 6.23980350e-02 -3.74771247e-03 5.49514879e-02 1.11745370e-01
-1.16053897e-02 1.03904723e-02 6.15607000e-02 -9.89496676e-02 -1.23710567e-01 5.32299494e-02 5.46346812e-02 -7.10823668e-02 -4.56240565e-03 5.37681327e-02 -1.75573388e-01 5.17997037e-02 8.56895418e-02 1.23879268e-01 1.96431331e-01 7.22831226e-02 1.08783054e-01 -1.40647096e-01 -5.88162542e-03 -8.98743733e-02 4.00812754e-02 -5.69966531e-02 -1.49087987e-02 7.96847587e-02 -1.33617108e-01 -1.67083533e-01 -1.80502814e-01 -2.15798940e-01 4.39782703e-02 1.19225284e-01 -5.05746584e-02 3.99554556e-02
8.46586908e-02 2.07135463e-03 6.64495650e-06 2.70753903e-04 -3.40058344e-03 9.09200343e-03 -3.89917193e-03 -1.40933867e-01 -7.76410212e-03 -2.84770265e-02 4.69460604e-02 7.49251178e-03 -3.93461521e-03 7.18561650e-04 -1.00306158e-02 5.23267498e-02 1.91316845e-02 -5.93295944e-03 9.68067337e-02 2.15925053e-03 1.33528985e-02 -1.05669137e-03 1.26138731e-02 3.48096864e-03 1.20262614e-02 2.56029522e-02 3.10429366e-02 -2.32551656e-02 -7.91744942e-02 -4.14325379e-02 -3.88000513e-02 -1.14818599e-01
8.23543471e-04 1.25027617e-02 -5.67661710e-02 -4.04938509e-02 -7.65865433e-02 1.03201304e-02 4.61381938e-02 -2.65473992e-03 -8.58884948e-03 -1.14716344e-03 1.49902169e-02 -1.75891942e-01 -1.38787318e-02 3.46178948e-02 -4.94710146e-02 2.87897776e-02 -3.86197346e-02 3.90042314e-02 7.86447525e-03 -2.82290642e-03 4.01133356e-02 -1.17694226e-01 9.83917076e-02 8.35758502e-02 -1.81921745e-02 1.18572881e-01 -7.06029342e-02 1.72505039e-02 2.89117643e-02 -3.57493822e-03 7.80023081e-02 -8.18728343e-02
1.10355616e-01 2.39950455e-03 2.69215732e-04 -6.74983442e-04 -2.97637288e-03 -8.87891524e-03 -1.10040943e-03 -1.38993616e-01 -6.14434497e-03 -2.60668167e-02 4.06892292e-02 6.66088725e-03 -4.64526027e-03 4.38250305e-03 -1.15369419e-02 4.75024675e-02 2.89080606e-02 -5.34554188e-03 1.54659916e-01 6.27536066e-02 3.31856783e-02 -8.27390787e-03 -1.36838309e-02 -7.82463525e-03 1.43958528e-03 1.17682683e-02 1.49188216e-02 -1.57743413e-02 -1.11491816e-01 -4.13911180e-02 -2.92224462e-02 -4.40294686e-02
2.90651098e-04 -1.02499999e-02 -1.08200055e-01 -5.51342333e-02 -9.42718732e-02 5.57603038e-03 3.20434884e-02 -3.76412880e-04 -6.45645425e-02 2.64266094e-02 1.61054055e-02 -1.37589079e-01 -2.86086501e-02 9.39999662e-02 -1.28673568e-02 1.02884756e-02 3.56758711e-02 -2.13131666e-02 -2.48500805e-03 -1.88869044e-02 3.40958117e-02 -5.08873463e-02 1.59838212e-02 1.14825755e-01 -5.26933141e-02 5.21112679e-02 -4.68365474e-02 6.50808566e-02 1.17938575e-02 2.40260360e-02 3.86405372e-02 -7.15578906e-02
1.40448324e-01 2.19619539e-03 4.04969510e-04 -7.78168141e-04 -2.47019455e-03 -2.68725385e-02 1.46430122e-03 -1.38093634e-01 -5.99175126e-03 -2.43978795e-02 3.41978158e-02 7.27588375e-03 -7.08803782e-03 7.94681559e-03 -1.65648772e-02 5.29000021e-02 3.73177813e-02 -5.92049612e-03 2.09134250e-01 1.28949938e-01 5.03989084e-02 -2.37739453e-02 -4.66485605e-02 -2.65640803e-02 -8.41896850e-03 -1.12357543e-02 -7.15719460e-03 -2.55418568e-02 -1.32341343e-01 -2.49604478e-02 -2.55489164e-02 1.25916175e-02
-1.18871184e-04 -3.31234230e-02 -1.60907839e-01 -6.90952049e-02 -1.13350313e-01 1.51102608e-03 1.97187705e-02 -3.66687691e-05 -1.15722941e-01 5.61884930e-02 1.87230981e-02 -9.59855389e-02 -4.49836646e-02 1.42345293e-01 1.02064648e-02 -9.07791674e-03 1.01902775e-01 -8.49710463e-02 -2.31594211e-04 -2.68171928e-02 -9.29236681e-03 2.46543002e-02 -7.16417555e-02 1.37825689e-01 -7.93855252e-02 -4.17101950e-02 -1.00602442e-02 1.07933564e-01 -1.48213986e-02 7.14641035e-02 9.06804477e-03 -5.09039583e-02
1.70482808e-01 2.35753661e-03 4.45836113e-04 -1.59698904e-03 -1.66995044e-03 -4.56012377e-02 4.52680095e-03 -1.38353134e-01 -4.14375581e-03 -2.13856297e-02 2.49799306e-02 6.78393157e-03 -7.45217646e-03 1.18186913e-02 -1.66709550e-02 5.56963271e-02 4.72979644e-02 -5.20179619e-03 2.52364002e-01 1.85353152e-01 6.97522416e-02 -3.82571858e-02 -7.39824561e-02 -4.02025773e-02 -7.94417980e-03 -2.56040042e-02 -8.51197461e-03 -3.94978644e-02 -1.64491078e-01 -2.44150819e-02 -1.80178956e-02 7.00964957e-02
-5.53638785e-04 -5.64632916e-02 -2.08405062e-01 -8.51824374e-02 -1.31919541e-01 -3.09838175e-03 7.54509386e-03 7.92285429e-04 -1.61757345e-01 8.41988727e-02 2.11332073e-02 -4.80587361e-02 -4.59139527e-02 1.88076380e-01 4.10088002e-02 -3.24838941e-02 1.77876787e-01 -1.39392151e-01 -5.48678605e-03 -4.00552720e-02 -2.21047834e-02 9.75320085e-02 -1.53147148e-01 1.65753207e-01 -1.09606945e-01 -9.98354219e-02 8.40229344e-03 1.27502986e-01 -2.65844674e-02 1.13263262e-01 -8.18664910e-03 -4.63942463e-02
9.16396281e-02 2.44935886e-02 9.49774011e-03 5.47528525e-02 7.89749960e-03 -5.70427993e-02 4.68580451e-02 -1.07525607e-01 -4.81691264e-03 -5.31992324e-02 1.58885002e-02 -2.85068555e-03 -1.15124635e-01 7.85576267e-02 -1.23387207e-01 -4.00707355e-02 -1.30656556e-01 -1.53704511e-01 1.46028571e-01 1.47414163e-01 -1.25802108e-01 -3.88805955e-02 -1.41315183e-02 -2.00600821e-01 -3.93765880e-02 -1.16008081e-01 8.21949560e-02 -6.83279349e-02 6.84017929e-03 -1.84666140e-01 6.88474029e-02 5.47844521e-02
6.83458631e-03 -6.04760362e-02 -1.14369952e-01 4.11221453e-04 -5.45083831e-02 -2.77495307e-03 7.47732414e-02 8.22178136e-03 -9.58982186e-02 3.11047559e-02 5.51295881e-02 -7.55731620e-02 4.20278165e-02 3.42060222e-02 1.42621647e-02 -2.41729559e-02 3.91742570e-02 -9.71353927e-02 -2.62121990e-03 -3.08384391e-02 -1.63400241e-01 -6.69514595e-02 -5.00622801e-02 6.68919090e-03 8.90335536e-02 1.95588269e-02 -1.63085788e-02 2.49377548e-02 7.01412919e-02 -2.58323863e-01 5.49571730e-02 1.07767017e-01
1.08054476e-01 1.50384981e-02 6.90608242e-03 2.92038258e-02 6.27249782e-03 -6.31099445e-02 3.00060655e-02 -1.08428208e-01 -5.42204718e-03 -4.22463805e-02 2.55780453e-02 -2.32941588e-03 -5.65695412e-02 3.95586396e-02 -7.46273099e-02 -4.25916330e-03 -4.38623995e-02 -7.51954746e-02 1.78181015e-01 1.32496899e-01 -4.25248068e-02 -5.30058799e-02 -1.10007115e-02 -1.23998038e-01 -3.10724985e-02 -7.98883048e-02 1.76946702e-03 -6.71424022e-02 -2.33251292e-02 -1.26831317e-01 2.89557600e-02 2.36346161e-02
-1.43114305e-04 -7.16021961e-02 -1.29860478e-01 -1.31407378e-02 -7.16119825e-02 -1.31142829e-03 6.06024833e-02 3.50027881e-03 -9.90564592e-02 6.89302344e-02 4.57740343e-02 -6.01934072e-02 2.68364730e-02 5.86165519e-02 3.15780778e-02 -1.94758413e-02 7.34558858e-02 -6.79731520e-02 -2.89095561e-03 -1.24939172e-02 -1.64441721e-01 -1.33456975e-04 -5.42496748e-02 3.02343270e-02 1.16303115e-01 4.38663738e-02 -1.76456317e-02 1.00566816e-01 3.40290369e-02 -1.33407163e-01 -4.19262672e-02 1.18302723e-01
1.17283709e-01 3.42735304e-03 1.23455683e-03 -1.01106126e-03 -1.44860493e-03 -6.93322921e-02 8.67030162e-03 -1.08052435e-01 -6.05973360e-03 -2.33558491e-02 3.42838732e-02 5.05840384e-03 -9.82789796e-04 5.56388179e-03 -1.51623433e-02 2.02270302e-02 3.73359719e-02 2.24482735e-03 1.84734521e-01 1.09918160e-01 4.23488991e-02 -2.48869740e-02 -3.07543298e-02 -3.05748475e-02 -2.30832062e-02 -3.94773033e-02 -1.03235304e-01 -1.04902762e-02 -4.16612391e-02 -5.09838088e-03 -6.81995030e-03 2.72461692e-03
-9.29880693e-04 -7.99352889e-02 -1.42057822e-01 -3.11800406e-02 -8.67989895e-02 2.33034534e-03 3.93420893e-02 -2.73113742e-03 -1.09304103e-01 9.18216724e-02 3.64815762e-02 -4.75899890e-02 2.78550285e-02 7.89520253e-02 4.45846297e-02 -1.73270082e-02 9.96608778e-02 -5.47563705e-02 1.67164981e-02 1.07663378e-03 -1.59568878e-01 6.36746035e-02 -8.19598862e-02 5.03498727e-02 1.00217911e-01 4.21541154e-02 -2.88498748e-02 1.36856799e-01 -7.33998568e-03 -2.81407769e-02 -8.53488597e-02 6.38570447e-02
1.07737825e-01 -8.77507269e-03 -4.91020250e-03 -3.13157829e-02 -9.95873791e-03 -6.60452802e-02 -1.38142538e-02 -1.05484227e-01 -5.99260263e-03 -3.13567567e-03 4.60951436e-02 1.29709210e-02 4.92899430e-02 -2.36472387e-02 4.48398139e-02 2.01058288e-02 1.12242031e-01 7.78940665e-02 1.51860900e-01 1.07544685e-01 1.22637836e-01 -3.42947991e-03 -5.88340469e-02 6.49750846e-02 -2.73846922e-03 1.68849708e-02 -1.03022273e-01 4.28593048e-02 -7.97366534e-02 1.33805740e-01 -2.32567817e-02 6.70284073e-03
-1.34626813e-03 -7.18553932e-02 -1.30228944e-01 -1.31089487e-02 -7.24068409e-02 1.24492855e-02 5.76262173e-02 -1.21632664e-02 -9.43234949e-02 8.43070282e-02 1.88258717e-02 -6.18674245e-02 2.80385659e-02 6.38399409e-02 2.93134255e-02 -1.30946092e-02 7.93840163e-02 -7.03656560e-02 3.80791237e-02 2.63536342e-02 -1.56453827e-01 3.00231051e-02 -1.63150876e-02 3.51343449e-02 1.19817863e-01 4.12025367e-02 -3.98168192e-02 8.71953665e-02 1.03961648e-02 -1.46429569e-01 -1.04698380e-01 5.75902131e-02
9.08935028e-02 -1.70885631e-02 -6.93249554e-03 -5.58499311e-02 -1.20729348e-02 -6.22032007e-02 -3.10707610e-02 -1.02425145e-01 -6.84474889e-03 1.12950233e-02 4.81009048e-02 9.55178927e-03 1.02522792e-01 -5.92252270e-02 1.05310150e-01 1.57683149e-02 1.82895693e-01 1.51957282e-01 9.62793267e-02 1.00817031e-01 2.01566242e-01 -6.94188877e-03 -6.58467890e-02 1.62674061e-01 9.30814877e-03 8.64278736e-02 -1.17864634e-01 7.23588677e-02 -7.61776303e-02 2.21446354e-01 -9.21226218e-03 1.27270018e-02
-7.98758832e-03 -6.15695868e-02 -1.15127017e-01 -2.64441603e-04 -5.67136628e-02 1.61919021e-02 6.95431767e-02 -2.02663957e-02 -8.47423124e-02 7.15765895e-02 -1.12283114e-02 -8.08673926e-02 4.41258819e-02 3.90785922e-02 1.42213249e-02 -2.02293233e-02 4.80361713e-02 -9.58255817e-02 4.64273178e-02 5.48367115e-02 -1.54166143e-01 4.04555702e-03 4.66831202e-02 2.59665286e-02 1.03239260e-01 1.79552434e-02 -1.99123712e-02 -2.94864614e-03 2.76915959e-02 -2.77143216e-01 -6.91680371e-02 7.16530847e-03
-2.05747651e-02 1.05909848e-02 9.56044420e-03 7.23024850e-02 -7.40717029e-02 -7.42469947e-03 -4.13287111e-02 -1.01341651e-01 7.22574500e-02 6.79159630e-02 1.12145070e-01 1.90822398e-02 -5.74033101e-02 1.40062612e-01 2.52933041e-02 -2.87364483e-02 -6.20216343e-02 -9.09195687e-02 3.43516386e-02 7.25963640e-03 1.06806206e-01 5.61614958e-02 5.55031463e-02 -7.59742203e-02 -1.72716735e-01 -5.49416451e-02 2.38974952e-02 1.22729429e-01 1.68345826e-01 9.56058798e-02 -1.53107375e-02 -1.46550172e-01
6.10447297e-03 -1.21247862e-03 3.02775648e-02 -1.88030374e-02 -3.87070300e-02 -2.18859332e-02 2.00024616e-02 5.34900792e-02 -6.02038754e-02 -8.18313097e-02 1.27095835e-01 -1.14397222e-01 1.16984497e-01 1.01690742e-01 -1.00754058e-01 -2.63563100e-02 1.34718758e-02 6.84533106e-02 2.21509537e-02 1.80344987e-04 -1.43730096e-02 5.26799776e-03 4.59655921e-03 -5.93581325e-02 -1.19557767e-03 -9.05572031e-02 -8.85155376e-02 -1.77908282e-02 -1.70222727e-03 6.03089506e-02 -6.16457063e-02 8.29840788e-02
-2.28221281e-03 1.11060442e-02 4.40027877e-03 5.30075724e-02 -5.76969890e-02 3.13735844e-03 -3.48531639e-02 -1.10823322e-01 7.18306516e-02 5.10293625e-02 1.03513687e-01 3.18233394e-05 -4.12113407e-02 1.09886950e-01 2.40191148e-02 -2.86907380e-02 -2.97562371e-02 -7.89707351e-02 -7.09149064e-03 7.42215986e-03 7.80247360e-02 4.69193746e-02 1.00367113e-01 -6.07386953e-02 -8.50765125e-02 -1.87755722e-02 1.08748290e-01 6.46910025e-02 1.86914157e-01 1.00516429e-02 9.77397955e-03 -1.19586754e-01
5.93113587e-03 5.20123057e-03 1.62602314e-02 -3.94621206e-02 -4.90970072e-02 -1.68893329e-02 -1.74454221e-03 4.75174523e-02 -1.76165763e-02 -5.37093355e-02 1.23041715e-01 -1.04074779e-01 1.87524557e-01 1.27970422e-01 -1.24452733e-01 -2.54694104e-02 9.02412411e-02 1.68573709e-01 -4.10400341e-02 -2.08904322e-03 1.80500941e-01 1.61240941e-01 -6.96511465e-02 -1.48957812e-01 -3.39719354e-02 -5.31370260e-02 -4.22038514e-02 -5.71325110e-03 8.09334504e-02 -1.36405892e-01 -4.62785873e-02 4.22384136e-02
3.81193058e-03 1.16622023e-02 -3.59005851e-03 5.39860070e-02 -3.74050661e-02 6.02130416e-03 -1.22094860e-02 -1.14057454e-01 5.16252131e-02 2.17750516e-02 8.59111606e-02 -1.96971342e-02 -6.95753002e-02 8.35100189e-02 2.68096944e-02 -3.20893137e-02 -6.52363465e-02 -8.78554152e-02 1.78497480e-02 3.14996790e-02 -5.65579168e-02 -3.90322560e-02 1.29057849e-01 -2.59661299e-04 -1.01203967e-01 9.79969810e-04 1.53910718e-01 7.15910010e-02 1.75292468e-01 6.68985636e-02 4.04095297e-02 -1.24510316e-01
2.46426515e-03 5.17745342e-03 6.20052812e-03 -4.34032348e-02 -5.16145322e-02 -1.32563151e-02 -7.51988330e-03 3.31121454e-02 -1.80222109e-02 -4.04542664e-02 9.72619621e-02 -1.13183822e-01 1.82094740e-01 1.22351469e-01 -1.38436658e-01 -1.62391247e-03 6.85560481e-02 1.43398773e-01 -4.35443167e-02 -2.31831352e-02 1.65353039e-01 1.06950824e-01 -6.43769702e-02 -1.19056080e-01 -3.87827540e-02 -9.13248630e-03 -2.88536538e-02 -2.55895632e-02 1.89758071e-02 -1.56214451e-01 -1.03118932e-02 -1.13157355e-02
4.50912950e-03 7.81214845e-03 -1.14690660e-04 3.99334778e-02 -2.52533981e-02 -1.02752043e-03 -1.31198168e-02 -1.11277651e-01 2.33905921e-02 5.57928288e-03 7.72755406e-02 -9.13896743e-03 -3.47229041e-02 6.08590589e-02 1.92777327e-02 -2.23252224e-02 -2.66830429e-02 -4.91410167e-02 5.40230808e-03 2.97702150e-02 -1.07326477e-01 -6.13100576e-02 1.11507539e-01 -1.86182071e-02 -6.46779037e-02 7.57849565e-02 1.09193864e-01 1.48133822e-01 1.10813473e-01 2.67955898e-02 -9.59337538e-03 -6.37819816e-02
2.49968828e-03 6.02036622e-03 -5.08153776e-03 -2.83632674e-02 -3.66087534e-02 -5.50310107e-03 2.22166436e-02 1.76523290e-02 -4.93108891e-02 -5.40903049e-02 5.55356590e-02 -1.63648688e-01 1.02351736e-01 6.27424603e-02 -1.13760015e-01 -7.71493768e-03 -2.70303138e-02 6.20537730e-03 -1.53861158e-05 2.15474575e-03 -6.60638827e-02 -1.32320712e-01 1.14511033e-01 1.71424615e-02 4.55317262e-02 2.93964207e-02 -2.35317584e-02 -6.94450938e-02 5.13469241e-03 9.42289067e-03 7.66905741e-02 -2.16378368e-03
3.98515683e-03 9.84863588e-03 5.31562961e-03 5.31546730e-02 -3.75590727e-02 -3.11142344e-03 -1.51715707e-02 -1.04951835e-01 4.67935000e-02 1.83381696e-02 9.86745001e-02 -6.83990616e-03 -4.86655464e-02 9.55849548e-02 3.34012866e-02 -3.23189690e-02 -3.15957034e-02 -6.03546357e-02 1.80614245e-02 3.15239085e-02 -2.23636706e-02 -8.95384562e-03 1.14454334e-01 -2.14180922e-02 -8.31756909e-02 9.11575621e-03 1.27397307e-01 7.11584808e-02 1.42588468e-01 2.57260674e-02 -2.70420266e-02 -8.06042011e-02
4.88339820e-03 1.07900022e-02 -6.12737004e-03 -4.22246298e-03 -1.93909577e-02 -6.51863497e-03 4.45823162e-02 2.84518364e-02 -5.10257974e-02 -8.19978885e-02 7.29489224e-02 -1.60291810e-01 8.25060654e-02 9.04614328e-02 -1.23069263e-01 -4.32678601e-03 -6.48423398e-02 5.14794662e-02 2.66604450e-02 2.00368805e-02 -1.28691388e-01 -1.51190636e-01 9.37560731e-02 6.66318519e-03 -5.96548614e-02 -3.05730312e-02 -4.65205660e-02 -2.05169087e-02 -1.51985003e-02 1.55627558e-01 6.92779892e-02 1.97060155e-02
-2.71985717e-03 7.74741569e-03 1.26944728e-02 5.37487276e-02 -6.07876544e-02 -6.33264047e-03 -3.71805570e-02 -1.00996350e-01 7.05248022e-02 4.99094647e-02 1.20091078e-01 1.50615577e-02 -2.74595826e-02 1.20677140e-01 2.90493752e-02 -3.55763277e-02 -5.60458449e-03 -6.19283821e-02 3.11551436e-03 1.03908263e-02 1.07202662e-01 8.84183629e-02 8.11417308e-02 -8.31990665e-02 -9.76161200e-02 -4.56054624e-02 8.99512063e-02 5.91120134e-02 1.77883455e-01 -1.01464181e-02 -4.85940257e-02 -9.86081763e-02
5.20774833e-03 8.69089467e-03 2.58009776e-03 1.53142371e-04 -2.07740948e-02 -1.29956608e-02 4.70197440e-02 4.07651619e-02 -6.05428639e-02 -9.38080794e-02 9.25366477e-02 -1.40667314e-01 8.29638046e-02 1.01517903e-01 -1.21348410e-01 -6.91004892e-03 -5.21957747e-02 7.69206720e-02 3.28913619e-02 2.57702113e-02 -1.30610951e-01 -1.10660339e-01 6.13621123e-02 -1.59956797e-02 -7.01967702e-02 -5.55635867e-02 -6.06925367e-02 -9.76611634e-03 -3.32563358e-02 1.70505285e-01 8.44380901e-03 5.44278608e-02
4.35066552e-03 -1.45898583e-03 1.36200182e-03 -3.56784514e-02 1.58814623e-02 -2.51909448e-03 9.63788843e-03 -1.04461950e-01 -3.89256382e-02 -5.97698769e-02 2.14235674e-02 1.79325088e-02 1.41857721e-02 -5.96245305e-02 -2.94611650e-02 -4.40789778e-03 3.76652974e-02 3.97690087e-02 -2.25898336e-02 2.14149422e-03 1.02163613e-01 1.33568930e-01 -4.66744683e-02 6.24955997e-02 8.58018708e-02 5.21304209e-04 1.11482853e-01 -7.96523592e-02 1.62479593e-01 6.03282302e-02 4.88930376e-02 -2.22101182e-02
-9.54231505e-04 5.67601479e-03 -5.03974348e-03 -2.86907102e-02 -3.88820893e-02 1.35639457e-02 1.76226325e-02 -3.03683378e-02 -2.76591488e-02 6.16010149e-03 -5.58436056e-02 -1.68111945e-01 1.00235186e-01 6.18844776e-02 -1.10694287e-01 2.76434806e-02 -2.98948382e-02 1.17510049e-04 7.37640274e-03 1.07297651e-02 -6.32180479e-02 -1.19692153e-01 1.16200983e-01 1.73255760e-02 4.00356443e-02 1.66604262e-02 -1.97000025e-03 -7.07146144e-02 -6.78636695e-03 2.06963677e-02 4.57577082e-02 -5.08085203e-02
3.18035484e-03 -6.87287478e-03 4.78378994e-03 -5.03491024e-02 2.76078545e-02 3.05831239e-03 6.18211198e-03 -1.08521631e-01 -6.61665864e-02 -6.61253302e-02 4.67749923e-03 2.77811321e-02 4.64998940e-02 -8.14665058e-02 -4.58081154e-02 -7.50525020e-03 8.59521495e-02 7.89075777e-02 -2.40035634e-02 3.75113187e-02 3.49219448e-02 1.50698670e-01 -2.67282518e-02 4.88184023e-02 1.47118117e-01 6.02798539e-02 1.20955962e-01 -1.94743234e-02 2.40728727e-01 4.89060302e-02 -4.06318171e-02 2.36592063e-02
-6.45342436e-04 4.98761038e-03 6.39674622e-03 -4.37794600e-02 -5.50851119e-02 1.46758490e-02 -1.47138292e-02 -3.42807697e-02 1.32604624e-02 4.87740225e-02 -6.35506022e-02 -1.20745773e-01 1.78873055e-01 1.28114240e-01 -1.32666942e-01 3.34720237e-02 5.91456358e-02 1.30888880e-01 -8.87190992e-02 -5.05666835e-03 1.64086228e-01 1.28588336e-01 -6.90518615e-02 -1.01884799e-01 -3.28073032e-02 -7.54963010e-03 9.78633470e-02 -1.61751977e-02 6.15779684e-02 -9.49527468e-02 8.89283501e-03 -3.65275849e-03
-3.20376886e-03 -5.94476347e-03 -2.97612706e-03 -4.95420365e-02 4.78150583e-02 3.53546340e-03 2.94702897e-02 -1.08073236e-01 -8.57802502e-02 -9.39625729e-02 -1.59578253e-02 1.20253688e-02 2.10432970e-02 -1.08026636e-01 -4.61340382e-02 9.09661067e-03 5.39495378e-02 7.04973736e-02 1.40568613e-02 5.09088082e-02 -9.40415700e-02 7.93611805e-02 4.21229077e-02 1.04159426e-01 1.11201838e-01 6.72646861e-02 8.10602840e-02 -6.00029590e-03 2.01990805e-01 1.25155118e-01 -2.60280460e-02 -6.84556043e-03
-4.30428480e-03 4.13051786e-03 1.56439245e-02 -4.06174610e-02 -5.35120229e-02 1.94620459e-02 -1.10349913e-02 -4.62894327e-02 2.50771109e-02 6.37026176e-02 -8.92098146e-02 -1.15310245e-01 1.81437482e-01 1.33719687e-01 -1.11705987e-01 6.29588878e-02 6.99404445e-02 1.46585580e-01 -1.11727777e-01 -2.39133459e-02 1.70891999e-01 1.59753398e-01 -1.12271223e-01 -1.29815089e-01 -1.91265937e-02 -3.08520095e-02 1.38665748e-01 -1.49720093e-02 2.21309849e-03 -1.27044164e-01 -4.48829141e-02 2.63131013e-02
-2.14648202e-02 -4.26480560e-03 -8.27032307e-03 -6.88891382e-02 6.34367936e-02 -3.86063111e-03 3.90238388e-02 -1.02678354e-01 -8.74461052e-02 -1.13384890e-01 -2.22582682e-02 -8.43455539e-03 3.84154125e-02 -1.36443799e-01 -4.85814145e-02 1.93633619e-02 9.76328962e-02 9.03189374e-02 4.80445067e-02 3.74391794e-02 -1.02822340e-01 3.32721879e-02 7.14437035e-02 6.86344836e-02 1.50786908e-01 4.87544933e-02 -6.95498700e-03 -4.36300448e-02 1.93294339e-01 6.42730438e-02 -2.70669629e-02 -6.56365938e-03
-4.52818193e-03 -2.54830551e-03 2.95123274e-02 -1.90666680e-02 -4.37525022e-02 2.78338192e-02 7.53301373e-03 -5.89651856e-02 -9.25023110e-03 5.70738850e-02 -1.24676924e-01 -1.28640609e-01 1.09787658e-01 1.08995643e-01 -8.78186911e-02 4.69976793e-02 -1.31775387e-02 4.92156560e-02 -5.66425178e-02 -1.89180493e-03 -2.55076569e-02 3.00094250e-02 -7.90260248e-03 -3.00551312e-02 2.88802364e-02 -7.64698906e-02 1.42717988e-01 -2.50150948e-02 -2.94180749e-02 7.93087825e-02 -6.53997518e-02 7.77128068e-02
-3.48185088e-03 -3.24043104e-03 -1.20544570e-02 -4.99396331e-02 5.17892963e-02 -4.02391169e-03 3.49921050e-02 -1.01321797e-01 -9.01851085e-02 -1.09585906e-01 -4.79372615e-03 -5.77999358e-04 1.21302664e-02 -1.17436952e-01 -5.63575419e-02 3.57582494e-03 3.71230261e-02 5.91616116e-02 3.99423784e-02 6.15729051e-02 -1.16084049e-01 4.09764682e-02 7.36586965e-02 1.20015716e-01 1.13495587e-01 7.41054531e-02 3.97130644e-02 -3.60248230e-02 1.91080683e-01 1.04431662e-01 -6.70152777e-03 -4.82541760e-02
-3.90685947e-03 8.10134457e-03 1.84038670e-03 -7.89955520e-04 -2.52140138e-02 2.68655287e-02 3.74985197e-02 -5.01153201e-02 -1.98370967e-02 2.09560898e-02 -1.14959674e-01 -1.50605020e-01 7.78586783e-02 1.07255255e-01 -1.06156880e-01 5.61791899e-02 -7.09409822e-02 5.40863725e-02 -2.66070138e-02 2.06829877e-02 -1.41884545e-01 -6.39954367e-02 8.88231249e-02 2.58285837e-02 -5.18326032e-02 -3.25442511e-02 1.07340895e-01 -7.08617044e-03 -4.71045790e-02 2.03709840e-01 5.49572189e-03 8.75332823e-03
3.40679689e-03 -5.77995942e-03 -4.55438654e-03 -4.96680015e-02 2.83224242e-02 -4.69706304e-03 1.22410806e-02 -1.01745598e-01 -6.70036755e-02 -7.79675048e-02 1.75572649e-02 2.01296899e-02 2.92749623e-02 -9.66525352e-02 -5.82914755e-02 -1.14645415e-02 5.46280509e-02 6.34659150e-02 8.54680680e-03 3.74725178e-02 -7.63514154e-05 1.08712755e-01 8.12597625e-04 7.68852463e-02 1.19775222e-01 4.17675274e-02 1.00986138e-01 -5.03595510e-02 1.99259341e-01 4.28428689e-02 -8.25361333e-03 -2.76939687e-02
-3.53606488e-03 9.85132416e-03 -6.79234119e-03 -5.12169176e-03 -2.27888055e-02 2.08468354e-02 3.77202177e-02 -4.09581144e-02 -1.97837704e-02 7.72877981e-03 -8.80895382e-02 -1.66647143e-01 8.12704737e-02 9.79351439e-02 -1.12563944e-01 5.03807302e-02 -7.26547574e-02 3.57574778e-02 -4.71487978e-03 1.88263774e-02 -1.32816801e-01 -1.11547980e-01 1.22768991e-01 3.72886342e-02 -4.47478187e-02 -1.56989708e-02 6.31932124e-02 -1.32116403e-02 -5.85825138e-02 1.64314657e-01 2.82236533e-02 -2.65225073e-02
-2.37491071e-03 5.88660562e-02 -1.01640755e-02 1.82239064e-01 2.16665565e-02 -8.98719247e-02 1.70254135e-01 -6.69219218e-02 6.28063185e-02 -1.48298187e-02 -5.21862882e-02 -1.47418931e-02 -1.62163949e-01 1.14930991e-01 -5.17228983e-02 -1.45367928e-01 1.15262168e-01 1.10619350e-03 -2.51445080e-01 1.05797251e-02 1.07899159e-02 6.57265435e-02 -3.09216619e-02 6.85095176e-02 1.06552283e-03 8.37202340e-02 -2.47805802e-02 -7.02568425e-02 -3.75148511e-02 -1.26338602e-02 -8.00985347e-02 -1.83663867e-02
1.01291223e-02 -9.14653714e-02 -1.91028559e-02 1.66272531e-01 8.88011097e-03 4.04240083e-03 1.97670065e-01 2.25881369e-02 3.21751224e-02 -1.00714883e-01 4.16769709e-02 3.97837002e-02 5.55769889e-02 -1.37679790e-01 -7.55895308e-02 3.97274953e-02 7.81088009e-02 6.11469537e-04 -1.17329582e-02 -1.63532699e-01 6.07404838e-02 -1.43305049e-01 -8.18759619e-02 1.00329951e-01 -3.52739139e-02 -2.36103170e-01 -1.30032772e-02 1.83083448e-01 1.10065842e-01 -6.11512688e-02 7.53031109e-03 6.16488348e-02
5.40166211e-02 4.49793783e-02 -9.43080588e-03 1.09592035e-01 2.39103330e-02 -8.77575509e-02 1.26877618e-01 -9.10182201e-02 1.25197987e-02 1.83758108e-02 -3.34570466e-02 -6.43455216e-03 -7.90896575e-02 7.91765599e-02 -3.71663680e-02 -8.49661736e-02 4.13251221e-02 1.65385823e-02 -1.36028343e-01 6.36094321e-02 6.19030143e-03 -2.16679331e-02 -3.99775650e-02 -3.81527230e-02 5.15128804e-02 1.11481560e-01 1.11302195e-04 -9.90662801e-02 -2.61751130e-02 1.87107123e-02 -4.22543227e-02 8.65767163e-03
6.51413486e-03 -8.03334478e-02 -8.78297117e-02 9.68194256e-02 -2.45497544e-02 9.52725041e-03 1.73640247e-01 1.19911104e-02 -5.00655157e-02 -6.78008558e-03 4.39369133e-02 5.73360681e-02 1.03701827e-01 -5.73741645e-02 5.75156846e-02 5.44439792e-03 -8.60259046e-02 3.94061297e-03 8.32648411e-03 -6.68829655e-02 8.32484286e-02 -9.28148623e-02 -5.38050427e-02 -1.06187267e-01 3.32219574e-02 -8.45342860e-03 -4.05263676e-02 1.21397671e-02 1.04799947e-01 1.95527331e-02 3.22966502e-02 6.96198111e-02
8.88824133e-02 2.15125528e-02 -2.04212003e-03 4.91386224e-02 1.38305742e-02 -8.64237692e-02 6.13230836e-02 -1.01509150e-01 1.21887200e-02 6.74960375e-03 -9.71103652e-03 -2.80831036e-02 -3.89770455e-02 1.54825563e-02 3.39495435e-03 -4.25775992e-02 -1.14153043e-02 1.61819422e-02 -3.86542925e-02 9.30080562e-02 -1.65542822e-02 -5.80805840e-02 -5.23687231e-02 -5.01086609e-02 7.07312780e-02 7.44637147e-02 -2.70280964e-03 -6.32838339e-02 9.64298758e-03 3.49557471e-02 -7.67517405e-02 3.36283820e-02
1.66725933e-03 -8.50354282e-02 -1.18664407e-01 4.70600658e-02 -5.51115742e-02 1.17756889e-02 1.37627105e-01 4.52586237e-03 -8.25281513e-02 4.98495410e-02 3.10560511e-02 6.89923142e-02 9.33606681e-02 2.99294850e-02 1.23111044e-01 -7.02206604e-04 -1.49929253e-01 3.13512002e-03 2.32032643e-02 -2.75544389e-02 1.22447193e-01 -3.13998797e-02 -1.62839193e-02 -1.53096448e-01 3.28782215e-02 8.89281872e-02 -2.98686914e-02 -3.03480065e-02 4.59971232e-02 1.26131659e-01 -8.73253568e-03 4.52705828e-02
9.53979011e-02 4.31638407e-03 1.28489069e-03 -1.18269480e-03 -2.18902659e-03 -9.30051549e-02 1.41148968e-02 -9.93543821e-02 1.94306953e-03 2.21004305e-03 -8.14991843e-03 -3.17246337e-03 -5.85067413e-03 2.08862994e-03 3.55643516e-03 -3.96636252e-02 7.07568586e-03 -2.44322146e-03 -2.47087352e-02 9.03704194e-02 1.80769823e-02 -6.76549680e-02 -7.00505186e-02 -2.11703608e-02 -3.21505908e-03 -3.17434139e-02 -3.24412649e-02 -1.01797120e-02 4.16620292e-02 3.87042314e-02 -5.47995416e-03 1.45086815e-03
-8.66141011e-04 -8.69062482e-02 -1.23087521e-01 4.74619577e-02 -5.66401867e-02 1.63656446e-02 1.39300607e-01 -2.96704044e-03 -8.04709455e-02 6.20920453e-02 1.38649666e-02 7.49674792e-02 1.05168642e-01 1.22317174e-02 1.26941596e-01 -5.12793583e-03 -1.37408835e-01 6.11285181e-03 2.22716610e-02 5.88671634e-03 1.09829868e-01 5.46425474e-03 8.01481627e-03 -1.25944528e-01 2.17380787e-02 1.06450439e-01 -1.60776354e-02 -1.25543959e-02 3.70761607e-03 8.17138141e-02 -1.59392546e-02 1.76736267e-02
8.87684376e-02 -1.56068742e-02 3.82826061e-03 -5.25385306e-02 -1.81695658e-02 -1.00342949e-01 -3.42764168e-02 -1.00286890e-01 -6.93207836e-03 6.75454044e-03 -1.75979743e-02 2.40181732e-02 2.84921333e-02 -1.11409638e-02 3.44224098e-03 -4.51794375e-02 1.71185576e-02 -6.16961548e-03 -3.46355727e-02 7.15865489e-02 3.08344788e-02 -6.59413892e-02 -7.98296279e-02 4.03863009e-02 -3.39085409e-02 -9.67439924e-02 5.81574045e-02 8.55959624e-03 -1.33065961e-02 -3.14253411e-02 -6.14769067e-03 -3.72482362e-02
-3.47931145e-03 -8.54735334e-02 -1.19000071e-01 4.63956799e-02 -5.55277092e-02 2.14347544e-02 1.35628119e-01 -9.40544443e-03 -7.68604780e-02 7.08509052e-02 -3.73805999e-03 6.65551098e-02 9.56791641e-02 3.59974933e-02 1.25751931e-01 -8.00717610e-03 -1.51194127e-01 1.24683941e-03 1.76375754e-02 2.70794098e-02 1.25900048e-01 2.39769215e-02 5.44037418e-02 -1.30867881e-01 3.90909236e-02 1.12289901e-01 2.07671263e-02 -3.75461761e-02 -3.40454975e-02 9.84698567e-02 -3.14061866e-02 1.15349628e-02
5.34455879e-02 -3.92533505e-02 1.17558545e-02 -1.13235521e-01 -2.89358370e-02 -1.19943374e-01 -9.87350092e-02 -9.28030629e-02 -2.84496123e-03 1.79430103e-02 -3.08578982e-02 -1.65575271e-03 7.98241511e-02 -7.89461421e-02 5.20592428e-02 -8.83415163e-02 -6.77227016e-02 7.97389587e-03 -8.33906940e-02 7.02427680e-02 -1.62745770e-02 -6.95115911e-02 -1.92573322e-02 5.89491844e-02 -1.29425357e-02 -1.09537217e-01 5.62739777e-02 5.24079073e-02 -4.26437261e-02 -5.63919033e-02 -4.10257160e-02 -2.14237550e-02
-8.19868026e-03 -8.18505862e-02 -8.80003917e-02 9.55408785e-02 -2.61379377e-02 3.16276391e-02 1.67290534e-01 -2.28307314e-02 -3.54834536e-02 4.71052600e-02 -4.70626098e-02 5.14495050e-02 1.07067867e-01 -4.02809179e-02 6.56066651e-02 -1.62378039e-02 -9.32747987e-02 1.95891312e-03 8.93721071e-03 7.15876788e-02 8.83856221e-02 5.58832935e-02 1.19302912e-01 -5.24562523e-02 3.46216460e-02 5.16110277e-02 5.69090517e-02 -3.51419898e-02 -9.22849213e-02 -2.27920558e-02 -6.23024517e-02 -3.38523319e-02
-3.63287354e-03 -5.20559001e-02 1.31492792e-02 -1.85190355e-01 -2.81719100e-02 -1.37306050e-01 -1.40443238e-01 -7.34865872e-02 -5.28252581e-02 5.94439578e-02 -2.05773874e-02 -1.24872385e-03 1.72835509e-01 -1.20305553e-01 1.00366150e-01 -1.44419276e-01 -1.93882188e-01 4.14149329e-02 -1.76920001e-01 5.13471394e-02 -5.08912530e-02 -8.24073119e-02 9.14406833e-02 4.19665701e-03 4.06275989e-02 -4.84725623e-02 5.17162868e-02 7.30596347e-02 -4.57317388e-02 -6.35073170e-02 -1.93704801e-03 -9.64650089e-02
-1.05943143e-02 -9.28411814e-02 -1.96374523e-02 1.65239328e-01 4.96146772e-03 4.57027636e-02 1.85537701e-01 -3.32262705e-02 5.44604767e-02 -1.78302137e-02 -1.03860581e-01 2.98435246e-02 5.52937920e-02 -1.10246383e-01 -6.67189556e-02 -3.59843615e-02 8.17703927e-02 -8.09530713e-03 -1.51653265e-02 1.00603977e-01 7.76552810e-02 4.52893374e-02 1.48499822e-01 1.80383900e-01 -3.62392577e-02 -1.59025781e-01 1.40953275e-01 1.54425853e-01 -1.20456654e-01 -6.39702632e-02 -1.09859329e-01 -3.53300994e-02
4.37313482e-02 -3.98820617e-02 8.90409925e-03 -1.22279278e-01 -3.12073474e-02 -1.43522041e-01 -1.04016192e-01 -7.67027607e-02 -3.96110921e-03 4.50938661e-03 -2.87373448e-02 -5.46992360e-04 7.86424663e-02 -7.01291139e-02 4.26615400e-02 -9.68770431e-02 -9.94803302e-02 -2.01532000e-03 -1.28494345e-01 -3.15820647e-02 -8.26289450e-03 -5.06403577e-02 -4.01993844e-02 3.69271566e-02 -4.96799870e-02 -1.12703874e-01 -2.04107533e-02 5.40423532e-02 -8.09151152e-03 -5.90345158e-02 2.13885157e-02 -6.26263021e-02
-1.30421347e-02 -1.34987279e-01 -5.65489802e-02 5.39646126e-02 -4.31022753e-02 1.19556617e-02 9.77665531e-03 -2.33973555e-02 1.26211794e-01 -1.29661327e-01 -1.34374222e-01 -7.46090897e-02 1.42909058e-02 -7.46628758e-02 -2.75971874e-02 -6.94976985e-02 9.99572453e-03 -4.31173558e-02 2.28218705e-02 1.16926247e-01 3.67385465e-02 1.22728877e-01 6.16072062e-02 4.36579993e-02 -1.21069508e-01 -2.29740924e-02 -2.39676547e-03 -3.16452377e-03 -6.76549109e-02 -1.49292562e-02 -1.80555143e-02 -8.60673421e-02
7.75665665e-02 -1.68814304e-02 2.16741029e-03 -5.41175609e-02 -1.85246559e-02 -1.35408966e-01 -3.49794740e-02 -7.94343561e-02 -3.43323358e-03 -4.43607967e-03 -7.58788987e-03 1.90312774e-02 3.17111715e-02 -2.35492553e-02 6.17711338e-03 -4.71585078e-02 -2.44598446e-03 1.29828875e-03 -7.28402032e-02 -7.59424660e-02 6.97241143e-03 -6.29792397e-02 -8.07386693e-02 2.78862506e-02 -6.59330348e-02 -1.03709029e-01 -8.69388517e-02 2.85649812e-02 4.04963399e-02 -6.08479571e-02 2.87068145e-02 -6.02459713e-02
-6.67338442e-03 -1.54505017e-01 -8.12729703e-02 9.38645468e-03 -6.76961744e-02 -5.75567596e-03 -6.63215216e-02 -1.23797876e-02 1.66653203e-01 -1.86821372e-01 -1.03615594e-01 -1.23263632e-01 5.82687183e-03 -9.32959847e-02 7.10221168e-03 -4.38995081e-02 5.83635178e-03 -5.50745521e-02 -4.92620875e-04 6.78330622e-02 -6.97143162e-02 1.34881204e-01 -3.42408948e-02 1.65998462e-02 -9.90913920e-02 2.18585137e-02 -1.67461660e-02 -8.37996463e-02 -3.55726265e-02 -7.27689348e-03 7.35882396e-03 -6.33303036e-02
8.35131027e-02 4.08933907e-03 1.53566243e-03 -1.11707882e-03 -2.18521027e-03 -1.26140575e-01 1.87423251e-02 -7.95318590e-02 1.03088899e-03 -1.40859221e-03 -6.99945298e-04 -1.31040226e-03 1.45268823e-03 -9.78821458e-03 4.69912272e-03 -4.28012195e-02 -1.05013287e-02 1.12984614e-02 -6.53717139e-02 -6.45258375e-02 7.44209140e-05 -7.60481785e-02 -6.51158930e-02 -3.43503033e-02 -1.32076447e-02 -4.50799049e-02 -1.39420728e-01 -1.23439794e-03 8.21770680e-02 3.08523250e-02 1.59792577e-02 -3.54532902e-02
-1.12943362e-03 -1.58274682e-01 -8.51135031e-02 2.34193308e-03 -7.12361861e-02 -1.16153461e-02 -7.64315586e-02 -3.63100441e-03 1.64167778e-01 -2.03596178e-01 -7.47518674e-02 -1.24756724e-01 5.62049841e-03 -9.17678354e-02 6.82712792e-03 -2.68166012e-02 1.37432082e-02 -5.69748773e-02 -2.94546061e-03 1.72397623e-02 -9.27683455e-02 1.10179959e-01 -8.29640878e-02 4.81377459e-04 -8.62030203e-02 2.42321229e-02 -2.36354643e-02 -8.62115635e-02 -6.82887331e-03 -2.14917789e-02 3.09358052e-02 -4.59331976e-02
7.76173412e-02 2.35344686e-02 -1.27746903e-04 5.04625422e-02 1.44196887e-02 -1.19120859e-01 7.08736738e-02 -8.03862441e-02 6.99913922e-03 7.87200912e-03 1.78472917e-03 -2.22686942e-02 -3.28025367e-02 4.33323436e-03 1.53690215e-03 -4.08949345e-02 -2.65779167e-02 2.98308047e-02 -7.77932408e-02 -6.03100175e-02 -2.53383160e-02 -7.52839707e-02 -4.02536488e-02 -5.57123174e-02 6.23007090e-02 3.95399160e-02 -1.29793241e-01 -5.03397624e-02 3.65467931e-02 2.91882142e-02 -4.34492492e-02 1.06116506e-02
4.50959074e-03 -1.54518284e-01 -8.12426605e-02 9.83353076e-03 -6.67499759e-02 -1.33142038e-02 -6.39494690e-02 4.26827559e-03 1.57161174e-01 -2.18511064e-01 -4.66840157e-02 -1.19255318e-01 6.77875481e-03 -1.01109291e-01 3.53469689e-03 -1.48729955e-02 6.03677967e-03 -5.64047537e-02 1.23680556e-03 -3.33943616e-02 -8.17178715e-02 7.06780684e-02 -1.30900788e-01 -3.38554535e-03 -8.25029734e-02 1.26994333e-02 -2.85607826e-02 -7.91130051e-02 2.28266599e-02 -1.00679949e-02 4.94285937e-02 -2.89892363e-02
4.38662796e-02 4.58755561e-02 -5.74224073e-03 1.19128794e-01 2.60632999e-02 -1.07804908e-01 1.39559974e-01 -7.57318599e-02 1.40204037e-02 2.50379395e-02 -2.04063554e-02 -9.70512854e-03 -7.47335972e-02 5.54926790e-02 -1.61921164e-02 -8.88857302e-02 4.13701690e-02 4.58149741e-02 -1.74903643e-01 -3.89818849e-02 -2.14542634e-02 -4.68405749e-02 -2.18397436e-02 -3.56261412e-02 6.22482913e-02 9.25198651e-02 -7.80349800e-02 -7.63607959e-02 -4.26859047e-03 1.38092932e-02 -4.67483568e-02 2.11810012e-02
1.12106761e-02 -1.34903660e-01 -5.66208844e-02 5.51336975e-02 -4.04966175e-02 -9.98412811e-03 1.69952677e-02 1.64515722e-02 1.07488263e-01 -2.01462447e-01 -4.55955877e-03 -6.34668486e-02 1.43419207e-02 -9.54622069e-02 -3.30197276e-02 2.68101329e-02 -6.56193735e-03 -6.06128586e-02 -2.36730785e-02 -1.09978529e-01 -7.39002395e-04 -2.90301804e-02 -1.38856511e-01 1.68020549e-03 -9.54899802e-02 -2.52124968e-02 3.42961146e-02 5.24471733e-03 7.10471866e-02 3.22593795e-03 1.03006520e-01 -1.17803071e-02
2.57627980e-03 5.77164746e-02 -8.33408007e-03 1.81266768e-01 3.15075738e-02 -8.72677270e-02 1.76600231e-01 -6.79581876e-02 5.57254173e-02 -2.10297170e-02 -6.34922046e-02 -1.76940848e-02 -1.68275029e-01 1.19769179e-01 -6.93948459e-02 -1.72298362e-01 8.82414420e-02 2.24220982e-02 -2.79806553e-01 3.29389643e-02 -2.87635866e-02 6.15291381e-02 -6.87124496e-02 9.33699637e-02 -2.99213668e-02 9.67134668e-02 1.44654585e-02 -8.73091125e-02 -6.99287774e-02 2.17643949e-02 1.83728378e-02 -5.32613467e-02
7.27345935e-03 -9.46987765e-02 -3.52580048e-02 1.43531382e-01 -2.69895850e-03 2.82150642e-03 1.73331419e-01 1.65781363e-02 2.03927457e-02 -8.40253369e-02 2.69953272e-02 3.54319557e-02 6.08305143e-02 -1.26899385e-01 -6.03191393e-02 2.41901304e-02 8.60104278e-03 -1.08682016e-02 -2.61510737e-02 -1.31223285e-01 3.28428298e-02 -9.87785020e-02 -1.01675419e-01 6.82756858e-02 -2.16353189e-02 -1.89032833e-01 2.16465485e-02 1.42215191e-01 6.11419360e-02 -2.12937441e-02 7.46016370e-02 4.03197209e-02
8.47127254e-02 2.10596382e-02 -1.22239140e-03 5.01231102e-02 1.42128994e-02 -9.49826129e-02 6.31939056e-02 -9.37075075e-02 1.46158901e-02 3.30857974e-03 -2.48805249e-03 -2.92265926e-02 -4.14175178e-02 1.47295790e-02 2.32780785e-03 -3.38108365e-02 -9.86715728e-03 1.63224784e-02 -2.31633547e-02 6.01734497e-02 -1.03828460e-02 -5.89739197e-02 -3.71201537e-02 -5.99927853e-02 6.19868931e-02 5.72639468e-02 -5.06641245e-02 -5.89851940e-02 4.88796220e-02 3.75949177e-02 -8.49782652e-02 1.40861896e-02
2.67826742e-03 -8.93112419e-02 -1.02452790e-01 9.34445899e-02 -2.89266771e-02 1.31910080e-02 1.51679145e-01 9.78487449e-04 -7.51276725e-02 3.12787755e-02 2.95292480e-02 5.67734026e-02 1.16750775e-01 -6.14490454e-02 2.44212535e-02 1.18127631e-02 -1.36663455e-01 4.36333825e-02 2.55650491e-02 -2.12470874e-02 -1.67553988e-02 1.00791287e-02 -6.41408972e-02 -1.09171184e-02 -2.13457932e-02 2.45276925e-03 -1.77993613e-02 -7.78513090e-02 1.34647405e-02 9.14276849e-03 1.52682297e-01 -1.28063196e-01
9.15305486e-02 4.34503214e-03 1.37904811e-03 -1.30478274e-03 -2.29076048e-03 -1.01478950e-01 1.51088834e-02 -9.23164610e-02 1.40604066e-03 -1.50313050e-03 -2.03502856e-03 -1.88384610e-03 -2.99544136e-03 -1.75836315e-03 3.50588028e-03 -3.16324722e-02 1.10088184e-02 7.94822952e-04 -1.05862153e-02 6.05260688e-02 1.59259470e-02 -6.22359621e-02 -5.65595093e-02 -1.81205205e-02 -4.03495856e-03 -3.71896499e-02 -6.54598834e-02 -5.28661778e-03 7.26814938e-02 4.09197183e-02 -1.41366088e-02 -2.67784851e-02
-7.93388561e-04 -9.05247690e-02 -1.08408975e-01 8.23222360e-02 -3.39965559e-02 1.59897062e-02 1.44338452e-01 -6.83688558e-03 -7.77950887e-02 4.62072482e-02 8.10143886e-03 6.00993801e-02 1.28441886e-01 -5.30610708e-02 4.15593398e-02 8.60463306e-03 -1.29391271e-01 4.13233199e-02 2.38181048e-02 2.60149144e-02 -7.44597090e-03 3.06752366e-02 -2.88260948e-02 -9.10516666e-03 -3.09885185e-02 3.12498123e-02 -1.41685162e-02 -8.05552319e-02 -1.90131534e-02 -3.09143687e-03 1.44118276e-01 -1.41962371e-01
8.48083678e-02 -1.49785261e-02 2.60851795e-03 -5.34282067e-02 -1.80301964e-02 -1.10495443e-01 -3.28718634e-02 -9.30232647e-02 -1.00052629e-02 2.33501486e-03 -1.02773835e-02 2.73727572e-02 3.44182280e-02 -1.25910321e-02 3.79329621e-03 -3.79089249e-02 1.70651516e-02 -2.48118817e-03 -1.98487826e-02 3.95780865e-02 2.33503074e-02 -5.75909252e-02 -6.98872906e-02 3.15595030e-02 -3.98494970e-02 -1.11688655e-01 4.15703895e-03 1.47688903e-02 2.30038361e-02 -2.72405476e-02 -1.05602854e-02 -6.81062174e-02
-4.42181752e-03 -8.92227552e-02 -1.02784610e-01 9.30677282e-02 -2.96584998e-02 2.19361128e-02 1.48634362e-01 -1.28647314e-02 -6.89903705e-02 5.66499335e-02 -1.35202386e-02 5.26730163e-02 1.18825580e-01 -5.38488818e-02 2.86944181e-02 -5.46095159e-04 -1.35941480e-01 4.32382942e-02 2.56621956e-02 6.84158276e-02 -8.36519965e-03 5.77171977e-02 6.82370528e-03 5.61254554e-03 -3.01717894e-02 1.73646558e-02 -7.15762608e-03 -5.74114070e-02 -4.38057439e-02 1.56895919e-02 1.29194585e-01 -1.51574137e-01
1.48207602e-03 -5.09993762e-02 1.12996459e-02 -1.84458268e-01 -3.86278629e-02 -1.36489575e-01 -1.46062300e-01 -7.47763837e-02 -4.61022745e-02 7.05666105e-02 -1.89313955e-02 3.57665560e-03 1.73007901e-01 -1.21655706e-01 1.20762836e-01 -1.80090074e-01 -1.74877235e-01 2.58599938e-02 -2.07985078e-01 4.87197975e-02 -1.49139103e-02 -9.86671809e-02 9.98385777e-02 -1.29711559e-02 9.09445495e-02 -4.32109472e-02 9.59324602e-02 8.90293276e-02 -4.18952157e-02 -5.61930580e-02 -4.54357764e-02 2.45694059e-02
-8.20217437e-03 -9.60871970e-02 -3.56369721e-02 1.42935051e-01 -5.10862264e-03 4.12171429e-02 1.63358933e-01 -2.86964997e-02 3.62235925e-02 -2.11888561e-02 -8.32108814e-02 2.69390660e-02 5.83804764e-02 -1.01620643e-01 -5.94663337e-02 -2.97809312e-02 2.05160001e-02 -1.06561027e-02 1.85125318e-02 9.23109020e-02 5.66322841e-02 5.67382146e-02 1.06021840e-01 1.13759639e-01 -2.94195279e-02 -1.41983250e-01 8.98892887e-02 1.27941659e-01 -1.04106447e-01 -3.33484274e-02 -7.37358129e-02 -8.21474257e-02
8.11851463e-02 -1.62508449e-02 3.33736976e-03 -5.66002490e-02 -1.91886632e-02 -1.19349907e-01 -3.67517386e-02 -8.92189815e-02 -6.72360199e-03 -8.24139474e-04 -1.30072158e-02 2.16163144e-02 3.01465006e-02 -1.37887309e-02 9.92393443e-03 -5.27931291e-02 -3.33190608e-03 -4.39612260e-03 -7.43768712e-02 -4.08913181e-02 1.36336648e-02 -6.58421271e-02 -9.32074787e-02 3.74399284e-02 -4.62407002e-02 -9.06330202e-02 -6.12758041e-03 3.08049750e-02 4.40003536e-03 -4.19670892e-02 3.51561033e-02 -4.93474125e-02
-8.41970811e-03 -1.46267529e-01 -6.71288350e-02 -2.17257215e-02 -7.89656489e-02 -4.07161023e-03 -5.98958051e-02 -9.51262850e-03 1.34408683e-01 -1.47106170e-01 -9.24846769e-02 -9.62205949e-02 -1.12592888e-02 6.80197977e-03 6.73820084e-02 -6.08910495e-02 -2.18622636e-02 -1.43102455e-01 -2.39652840e-02 1.51422171e-02 1.08227816e-01 -2.63347923e-03 1.13649047e-01 -1.14305610e-01 1.05675292e-01 9.89751151e-02 6.80738870e-03 4.31732987e-02 -2.25139713e-02 8.02594973e-02 -1.39299029e-01 1.29054008e-01
8.71610872e-02 4.35708438e-03 1.70101984e-03 -1.02972496e-03 -2.33379390e-03 -1.09450533e-01 1.62097954e-02 -8.94615869e-02 8.04643283e-04 1.07294297e-03 -5.47295169e-03 -2.44115813e-03 -2.70151407e-03 -7.68824867e-03 4.82933556e-03 -5.11343909e-02 -7.95817740e-03 1.09248136e-02 -6.91416519e-02 -2.77461312e-02 6.63752372e-03 -7.87714042e-02 -8.44280511e-02 -1.59465042e-02 -1.59376914e-03 -2.29870753e-02 -8.22238938e-02 7.54968732e-03 5.14730607e-02 3.17340575e-02 2.88949777e-02 -1.03656908e-02
-9.16632423e-04 -1.49108263e-01 -7.31640570e-02 -3.00044353e-02 -8.41535336e-02 -8.13858864e-03 -6.74277679e-02 -2.08184070e-03 1.33461264e-01 -1.66319204e-01 -6.30797705e-02 -8.95952308e-02 -9.34376156e-03 1.08990462e-02 7.20996625e-02 -4.13743924e-02 -3.47965439e-03 -1.36030965e-01 1.30630426e-03 -2.44832794e-02 8.94710880e-02 -3.02413983e-02 6.09180934e-02 -1.24578698e-01 9.65136007e-02 9.68914030e-02 -9.51843014e-03 2.41488274e-02 1.35185118e-02 8.98010188e-02 -1.11294686e-01 1.49179445e-01
8.12777631e-02 2.26201310e-02 -9.28993224e-04 5.26843400e-02 1.48375890e-02 -1.03218455e-01 6.85184536e-02 -9.04534417e-02 1.09731713e-02 7.00065932e-03 -3.39758596e-03 -2.53312918e-02 -3.71309069e-02 4.73070341e-03 8.82955946e-04 -4.58845945e-02 -2.63128505e-02 2.86280817e-02 -8.00167922e-02 -2.63919036e-02 -2.46373857e-02 -7.58403293e-02 -5.31849123e-02 -5.50743769e-02 6.16000479e-02 6.28567587e-02 -5.32331828e-02 -5.85412465e-02 1.32367749e-02 2.32063479e-02 -2.88874862e-02 2.81346241e-02
6.44838217e-03 -1.46044502e-01 -6.70078037e-02 -2.12299100e-02 -7.75539549e-02 -9.94378516e-03 -5.65029858e-02 5.38218715e-03 1.25632319e-01 -1.79970496e-01 -3.14899094e-02 -8.90183949e-02 -1.25982423e-02 -9.47722395e-04 5.71964589e-02 -1.91214272e-02 -1.39056460e-02 -1.47231216e-01 3.11788249e-02 -6.06824842e-02 1.06038803e-01 -7.52375313e-02 2.44632295e-02 -1.53895355e-01 1.02733474e-01 7.49375405e-02 -1.80001938e-02 2.94739856e-02 6.58858692e-02 9.58532020e-02 -1.03906928e-01 1.74003013e-01
-1.18828906e-01 3.68222649e-02 4.42265146e-04 1.47927140e-01 -5.06430673e-02 7.60640169e-02 -1.36445192e-01 -1.30978676e-01 -3.14216529e-02 -5.77264790e-02 8.45492073e-02 -8.24794997e-02 1.32889187e-01 6.93127287e-03 3.97081205e-02 6.85270299e-02 -4.13426576e-02 8.47405492e-03 -2.81584619e-02 -1.85690040e-02 3.05521714e-02 -1.06437035e-02 -7.51275380e-03 1.13465005e-01 9.29547015e-02 3.43438141e-02 -8.15676714e-03 -9.97471702e-02 -1.20929800e-01 4.13260731e-02 2.15508981e-02 -5.87462377e-02
1.57158775e-04 8.30785172e-02 1.59325567e-01 -2.87626321e-02 -1.24065124e-01 -1.67060263e-02 1.00709184e-01 7.25232348e-02 6.28458320e-02 -1.63140991e-01 1.11358888e-01 1.55534915e-02 2.53281116e-02 1.51689627e-02 -1.36066669e-02 -8.15608727e-02 -3.68978785e-02 -3.98476540e-02 4.99270996e-04 -7.64671895e-03 5.24890488e-03 -3.73181829e-02 -3.50746762e-02 9.83846246e-03 7.57597624e-03 8.68375596e-02 -7.88277492e-03 8.82999839e-02 -6.45801707e-02 -3.03012832e-02 1.05553620e-01 -1.00177429e-01
-6.08565829e-02 2.28535154e-02 -2.24524944e-03 1.10933133e-01 -4.17082499e-02 9.82527693e-02 -1.07598726e-01 -1.53105729e-01 -9.06158610e-03 -2.80729216e-02 1.09204315e-01 -4.82090137e-02 1.07769152e-01 -1.83138361e-02 -2.32527462e-02 4.42746243e-02 2.86382003e-02 -3.53108075e-02 -5.52518696e-02 -6.30098203e-02 2.00797175e-02 -1.63507017e-02 1.63631845e-02 4.58207010e-02 5.45290452e-02 -6.95471876e-03 -1.18493356e-02 -4.21229304e-02 -1.05737514e-01 3.34944922e-02 1.08664752e-01 -6.50238770e-03
-4.73601367e-04 8.66312678e-02 9.09078624e-02 -8.27862302e-02 -1.72175723e-01 -1.24678629e-02 7.58717466e-02 5.82436475e-02 4.41588317e-02 -8.54620243e-02 9.59062246e-02 1.23737132e-02 -1.38800773e-02 -1.91364009e-02 -1.49090772e-02 -7.23557817e-02 2.39016604e-02 -5.48348129e-02 -3.39888596e-03 -1.09462175e-03 2.44954142e-02 -3.51486320e-02 2.00729327e-03 -1.92337637e-03 5.21187002e-02 9.51980739e-02 -1.02448579e-02 7.49336027e-02 -8.32658259e-02 2.49186544e-02 1.17485505e-01 -6.47456189e-02
4.10818413e-03 7.87076513e-03 -8.42416245e-04 5.42546231e-02 -2.90289113e-02 1.09790238e-01 -5.61739124e-02 -1.70827090e-01 -8.21024064e-03 -1.09144694e-02 1.12036059e-01 6.21813467e-03 5.15969470e-02 -3.69415808e-02 -3.97460338e-02 3.29503675e-02 5.22225372e-02 -2.59004291e-02 -3.15281620e-02 -5.38889703e-02 -1.14274861e-02 -1.45380310e-02 2.51576360e-02 -2.22370381e-03 -9.28337045e-03 3.64372844e-02 -1.45057512e-02 1.06053123e-02 -1.24221476e-01 -3.84615814e-02 1.06843820e-01 4.66937690e-02
7.93879401e-04 9.32102542e-02 1.63858831e-02 -1.11154953e-01 -1.99987893e-01 7.67352109e-03 1.03383719e-01 3.18948000e-02 4.96240942e-02 -3.24915947e-03 6.97437199e-02 2.12543171e-02 -7.53110749e-02 -7.11274118e-02 -3.51329791e-02 -3.33800203e-02 6.13575884e-02 -1.91209022e-02 -1.22903834e-02 -1.81951678e-02 3.73361760e-02 -1.25187641e-02 5.30509812e-03 -3.13454709e-02 8.14592535e-02 3.83784405e-02 -1.30018410e-02 6.18180288e-02 -7.20607530e-02 6.16829393e-02 7.43854388e-02 -2.80365047e-02
1.45229082e-02 -5.22287228e-03 -4.08425796e-04 -1.13909932e-02 -1.34459001e-02 1.13816582e-01 -2.35634854e-02 -1.72303316e-01 -6.78653077e-02 -3.15108265e-02 8.21738574e-02 4.26560808e-02 -1.56613840e-02 -1.50434371e-02 4.12946033e-03 2.77332319e-02 -4.68990674e-02 -6.57107024e-03 -2.17995467e-02 -1.99770169e-02 8.27003733e-03 3.75164367e-02 -1.99516329e-02 5.45053800e-02 -5.05252150e-02 6.95879657e-02 1.18931746e-02 3.31362853e-02 -1.16988849e-01 -8.69406322e-02 3.55868232e-02 1.34810046e-01
-2.09123262e-04 9.51495691e-02 9.65289078e-04 -1.14526968e-01 -2.07270415e-01 2.45214215e-02 1.06836824e-01 1.86797052e-03 6.32298830e-02 3.42497018e-02 3.20925263e-03 2.64751730e-02 -7.89346390e-02 -8.64158244e-02 -3.28114563e-02 -3.41387956e-03 6.96594884e-02 -1.77221898e-02 -2.87306263e-02 -2.55434572e-02 4.46189048e-02 -4.07912662e-03 1.44787535e-02 -4.40421312e-02 8.85159525e-02 3.87105902e-02 1.35625508e-02 6.05584877e-02 -5.13208958e-02 6.57029252e-02 7.93639316e-02 -5.11414662e-02
-6.95112823e-02 -4.76118422e-03 7.94974010e-03 -1.06954957e-01 3.77416450e-02 1.28707301e-01 7.03488612e-02 -1.47862901e-01 -3.38319673e-02 -1.03010293e-01 5.47220306e-02 7.57788358e-02 -6.93059965e-02 2.33939981e-02 1.10358068e-01 1.68761970e-02 -6.50727810e-02 2.94493445e-02 -1.00211865e-01 -2.42885903e-02 -2.99538913e-02 1.01977867e-01 1.90271040e-02 -7.96291176e-02 -7.46116752e-02 -7.17701460e-02 3.22143916e-02 -4.65999542e-02 9.97018317e-03 6.63441124e-03 7.18964967e-03 1.73856628e-01
-6.07062965e-03 9.70073049e-02 8.85821638e-02 -8.59493327e-02 -1.59064228e-01 3.95995851e-02 8.06766321e-02 -4.06149881e-02 8.04437940e-02 1.32757818e-02 -1.15216252e-01 -1.53249972e-02 2.42630531e-02 -9.86816888e-03 2.27887042e-02 1.62206316e-02 4.90048281e-02 -8.85699511e-02 -4.19758025e-02 -9.71917693e-03 4.69338989e-02 2.21105972e-02 3.56702888e-02 -5.78411031e-02 8.68078500e-02 8.48209135e-02 1.56785325e-02 5.14718485e-02 1.83724848e-02 -2.62666677e-02 1.24883786e-01 -3.93540465e-02
-1.38563619e-01 -1.32968253e-02 1.23935242e-03 -1.26352922e-01 5.91209661e-02 1.10196569e-01 1.16159818e-01 -1.27552115e-01 -3.83332463e-02 -6.71720326e-02 5.48562594e-02 1.05525290e-01 -7.84385836e-02 9.65034327e-03 7.12899667e-02 4.05096118e-02 -5.16371795e-02 7.70202071e-02 -1.18757374e-01 3.00644896e-02 -9.47909183e-02 8.24146662e-02 3.36571358e-02 -1.36763470e-01 -1.30523831e-01 -1.45857666e-01 3.51424553e-02 -1.35991879e-02 -3.31118872e-02 4.50783999e-02 -3.77585102e-02 5.29487163e-02
5.76915162e-04 8.83174217e-02 1.57913553e-01 -4.10921377e-02 -1.10448085e-01 5.47515652e-02 9.99734207e-02 -6.27355582e-02 8.41921775e-02 1.55775827e-02 -1.48833926e-01 -1.52627676e-02 7.73117620e-02 1.66033697e-03 2.16289140e-02 6.30591454e-02 3.12484934e-02 -5.34815991e-02 2.04381147e-02 1.56729393e-02 -1.43659318e-02 -1.88705749e-02 5.82250111e-02 1.18695763e-02 3.24247905e-02 1.11656604e-01 -7.18458880e-04 6.56226066e-02 4.84588052e-03 -7.84998808e-02 6.32529452e-02 -6.67282718e-02
-1.85185738e-01 -2.20121159e-02 2.19011623e-03 -1.48873057e-01 1.10896868e-01 3.15731919e-02 9.00183144e-02 -9.85919045e-02 -5.70728476e-02 -1.18993943e-01 -1.01651073e-02 1.05325023e-02 9.30144129e-03 1.69809809e-02 6.86953989e-04 3.22584023e-02 9.71903348e-02 -8.49732445e-02 -2.10235555e-02 -4.75602934e-02 -2.21829013e-03 -7.74250395e-02 3.29558679e-02 -1.61118830e-01 3.65570961e-02 -3.26377611e-02 -1.78106827e-01 3.98554375e-02 -1.70007052e-02 -5.92063170e-02 -7.34484237e-02 -2.34156633e-01
1.21623345e-02 2.00838909e-02 2.25675871e-01 2.12494118e-02 -5.24605683e-02 5.84677789e-02 8.33475419e-02 -9.23323195e-02 9.99278252e-02 7.10852919e-02 -1.83306575e-01 -4.15242203e-02 8.50678288e-02 5.65060113e-02 1.01301370e-01 1.25855675e-01 -7.35158306e-02 -2.05209319e-02 8.80316107e-02 2.84394420e-02 -9.64200100e-02 2.02101548e-02 -6.80577026e-02 8.61235618e-02 5.52951879e-02 4.69011658e-02 -8.14281476e-02 1.19191510e-01 1.21807516e-01 -6.70413021e-02 -1.13758389e-01 1.21897821e-02
-1.49191462e-01 2.95080181e-02 2.87700522e-03 1.55145621e-01 -9.86551391e-02 3.30071393e-02 -1.12814440e-01 -1.08543056e-01 6.01403721e-02 3.01091207e-02 1.16937139e-01 -6.78191260e-02 7.67599866e-03 -6.41176837e-02 2.54489055e-03 7.88500345e-02 -6.54971421e-02 -3.54208668e-03 -3.15801916e-02 -3.43895573e-02 -2.70586225e-03 -5.01663970e-02 -6.15370698e-02 8.32135504e-02 2.22323325e-02 3.37700147e-02 -1.00783044e-01 -9.17664666e-02 -3.05209016e-02 -1.35559861e-02 -9.57404249e-02 -2.32955676e-02
-3.89860208e-04 3.72835072e-02 1.94386607e-01 -6.06926331e-03 -9.19161621e-02 -2.36346814e-02 9.31527962e-02 8.90766736e-02 2.26945504e-02 -1.42661171e-01 1.72320923e-01 2.05650465e-02 4.37816179e-02 5.63590707e-02 1.11491220e-01 -8.66379944e-02 -8.89525807e-02 5.86871337e-02 -3.86636255e-03 4.60531135e-03 -7.59865407e-02 1.32268818e-02 -1.06583293e-01 7.42656639e-02 2.52295328e-02 8.84535784e-02 8.01542967e-03 1.59550288e-01 -1.43568968e-02 -2.12375677e-02 -1.12107282e-01 7.66713205e-02
-1.16928854e-01 2.92724442e-02 1.43693513e-03 1.46427949e-01 -7.13481804e-02 6.60738326e-02 -1.29454684e-01 -1.29168971e-01 2.07758919e-02 -1.24650389e-02 1.12763966e-01 -8.12681821e-02 6.74399087e-02 -3.46906636e-02 -1.43927331e-02 8.48944952e-02 -4.28799016e-02 -7.19805882e-03 -2.64469128e-02 -4.79670786e-02 1.97417299e-02 -4.50275700e-02 -4.38594639e-02 7.44467380e-02 6.08965319e-02 3.05052859e-02 -5.18083818e-02 -8.73260977e-02 -8.64463590e-02 5.16678236e-03 1.13418195e-03 -6.13395527e-02
5.31447909e-04 6.73961159e-02 1.61303789e-01 -3.26924965e-02 -1.23769439e-01 -1.99989699e-02 9.28865533e-02 7.87294411e-02 3.69733005e-02 -1.39004732e-01 1.37361118e-01 2.72301561e-02 2.54267951e-02 3.28114858e-02 3.38725910e-02 -7.29510707e-02 -6.20938723e-02 5.03710872e-03 5.23769108e-03 -5.14666517e-03 2.99033212e-04 -6.20787469e-03 -5.98762940e-02 4.24674965e-02 1.49380483e-04 2.86925258e-02 -3.16107697e-03 1.11131496e-01 -4.83994953e-02 4.80916629e-04 1.03020255e-02 -1.73151164e-02
-2.36059301e-01 3.59677570e-02 1.68829771e-03 1.60746593e-01 -1.24921839e-01 -3.80466309e-02 -9.49485296e-02 -5.38487455e-02 2.85330101e-02 5.18539762e-02 7.77167395e-02 -1.69314546e-02 -2.47436395e-02 -7.24273368e-03 9.82894418e-02 6.63477902e-02 -1.21118241e-01 7.10815762e-02 3.63387771e-03 -1.05897583e-02 -5.98115962e-02 6.05328413e-03 -2.60918319e-02 1.47063521e-01 -1.15961287e-01 -4.53772644e-02 -1.95033868e-01 -7.22225619e-02 9.42502593e-02 -3.05994005e-04 -2.96666931e-01 -5.83425248e-02
2.01235607e-03 -7.33144900e-03 2.84711517e-01 1.00297695e-01 1.88315244e-02 -2.45193344e-02 1.29049366e-01 9.04624158e-02 3.11203520e-02 -2.11504380e-01 1.58165142e-01 3.68120175e-02 1.84207779e-01 9.58900738e-02 7.24886587e-02 -9.59436914e-02 -8.38700629e-02 6.78291678e-02 -5.29407010e-03 -2.76666781e-02 -9.78599382e-02 -2.27707718e-03 -6.96174215e-02 3.69516366e-02 1.87109882e-02 -5.05285625e-02 8.36366748e-03 -3.57049268e-03 -2.97552562e-02 6.28170134e-03 -2.48430327e-02 6.45328730e-02
-2.34536267e-01 -2.50227046e-02 2.55273526e-03 -1.51319782e-01 1.15022490e-01 -1.75586888e-02 9.92393853e-02 -6.85643559e-02 -3.98677639e-02 -9.59475470e-02 -1.96354622e-02 1.76207656e-02 3.89821313e-02 -1.70092742e-02 -8.99754332e-02 1.62641148e-02 1.51925883e-01 -9.87025804e-02 1.03588657e-02 -6.14178354e-02 6.43218804e-02 -7.40402795e-02 6.31550641e-02 -1.79662363e-01 1.20940565e-01 8.94125560e-03 -2.09951219e-01 5.04738801e-03 -1.72062851e-02 -8.49242583e-02 -2.88064245e-02 -3.95292946e-01
3.96754553e-03 -1.35761085e-02 2.83232558e-01 9.37540167e-02 1.29091532e-02 5.78416642e-02 9.57557085e-02 -9.63685776e-02 1.10307025e-01 3.26369825e-02 -2.31865792e-01 -5.99996491e-03 1.77347706e-01 9.63900792e-02 4.26392728e-02 7.80306598e-02 -7.56200904e-02 9.43927390e-03 7.43407135e-02 8.82502760e-02 -1.04205771e-01 7.30562834e-02 1.85567603e-02 4.20000156e-02 1.13098381e-02 -7.79942109e-02 -8.10647803e-02 4.36102049e-03 9.26948278e-02 -3.91534982e-02 -4.47558920e-02 3.26418002e-02
-1.37679225e-01 -1.76823900e-02 -3.82428957e-03 -1.30427370e-01 7.61832958e-02 8.20474759e-02 9.70657265e-02 -1.23670054e-01 -8.06759138e-02 -8.78350993e-02 1.98199713e-02 8.41834362e-02 -2.77435135e-02 3.62089939e-02 6.08936675e-02 4.73971520e-02 2.79799333e-02 2.77608496e-02 -4.38530346e-02 1.27144960e-03 -5.24273615e-02 1.06171538e-02 -4.31991684e-03 -1.22515837e-01 -9.84212442e-02 -7.91021433e-02 -1.15120036e-01 5.35784050e-02 -7.05962794e-02 -2.94662940e-02 -5.31539918e-02 -5.04252016e-02
9.14329806e-03 6.05011152e-02 1.67679897e-01 -2.79471532e-02 -1.06293169e-01 5.60711784e-02 8.19281832e-02 -7.51728578e-02 8.16637348e-02 4.77684539e-02 -1.55562628e-01 -2.16654802e-02 6.59385364e-02 1.28050564e-02 7.04183932e-02 9.45679179e-02 -7.41295003e-03 -4.94967367e-02 6.73629723e-02 5.32265343e-03 -2.45267829e-02 -1.13815725e-02 -4.17111707e-02 3.01940472e-02 4.26435419e-02 1.02524132e-01 -7.39836317e-02 1.19479214e-01 4.59830150e-02 -9.11108205e-02 -4.52030744e-02 -3.88026461e-02
-2.49315353e-02 -2.58184886e-03 5.10842882e-03 -7.53935935e-02 3.01326821e-02 1.19581429e-01 4.08992962e-02 -1.58668923e-01 -6.35468355e-02 -1.05114594e-01 4.25634028e-02 5.19384912e-02 -5.43796564e-02 2.12250381e-02 8.34349462e-02 1.92165198e-02 -6.14834050e-02 1.27564947e-02 -3.34676656e-02 -2.41366971e-02 4.08213483e-03 7.00639350e-02 7.99676974e-03 9.63604785e-03 -5.25118939e-02 2.94925148e-02 1.60698871e-03 4.96057981e-03 -5.04509378e-02 -6.85734488e-02 1.05371530e-02 1.51290374e-01
-2.67773077e-03 9.12846353e-02 4.25761588e-02 -1.02971622e-01 -1.86252243e-01 3.66886491e-02 9.05512942e-02 -3.07018324e-02 6.84198830e-02 4.29092243e-02 -8.00633330e-02 1.45134474e-02 -3.65051020e-02 -3.02187939e-02 -5.73566795e-04 1.76550897e-02 4.56293247e-02 -5.62977694e-02 -2.46964803e-02 -1.44191905e-02 5.74874425e-02 2.14942850e-02 1.84423478e-03 -4.88816882e-02 6.66978475e-02 3.42442145e-02 5.08293544e-03 6.49480456e-02 -3.42140625e-03 1.02333528e-02 9.88483512e-02 -5.46152929e-02
